Self
n = 3
number of points = 3000
[0.4675,0.46841,0.95825],[0.50544,0.48498,0.53928],[0.5885,0.1588,0.89902],[0.41462,0.00161,0.21784],
[0.5893,0.40948,0.99703],[0.68947,0.53058,0.95028],[0.86962,0.0701,0.46252],[0.15054,0.19665,0.24453],
[0.12358,0.54198,0.45958],[0.23651,0.85467,0.50329],[0.70354,0.47196,0.15197],[0.41717,0.86868,0.89722],
[0.593,0.25946,0.40499],[0.5256,0.23804,0.19963],[0.89815,0.48546,0.62863],[0.48024,0.694,0.84081],
[0.92228,0.90261,0.306],[0.3506,0.58768,0.91362],[0.36653,0.39895,0.42907],[0.57218,0.75358,0.37578],
[0.13642,0.46487,0.71689],[0.62948,0.97308,0.46597],[0.57587,0.28961,0.80323],[0.45065,0.68718,0.03139],
[0.59101,0.02263,0.597],[0.95091,0.09217,0.59645],[0.76802,0.49958,0.21124],[0.55146,0.21052,0.74657],
[0.68074,0.59155,0.09299],[0.26853,0.89,0.54531],[0.42592,0.07265,0.44446],[0.55634,0.25133,0.99189],
[0.84686,0.49416,0.43948],[0.90806,0.29917,0.40415],[0.97516,0.89579,0.58615],[0.17526,0.06353,0.22915],
[0.39921,0.55864,0.81051],[0.00622,0.43342,0.89116],[0.1948,0.0721,0.2422],[0.89717,0.4119,0.14805],
[0.64689,0.02646,0.4845],[0.5841,0.37002,0.55081],[0.75097,0.55568,0.36489],[0.48912,0.62945,0.54419],
[0.41264,0.94755,0.51103],[0.36172,0.18842,0.51094],[0.82225,0.96884,0.5823],[0.09557,0.13538,0.12396],
[0.35269,0.11014,0.44228],[0.11983,0.49479,0.66952],[0.60219,0.58281,0.35367],[0.79479,0.52479,0.93394],
[0.95337,0.80887,0.53202],[0.73176,0.42696,0.61967],[0.1156,0.13264,0.23376],[0.39825,0.39367,0.4965],
[0.5238,0.70288,0.7118],[0.06922,0.52005,0.44097],[0.21612,0.46856,0.83311],[0.50636,0.00371,0.08394],
[0.80344,0.64904,0.50984],[0.49698,0.45224,0.51895],[0.854,0.24663,0.40515],[0.96006,0.51955,0.81108],
[0.97407,0.50374,0.74775],[0.57125,0.21732,0.84227],[0.10691,0.06832,0.40688],[0.59618,0.2542,0.59002],
[0.82977,0.92555,0.81891],[0.80271,0.5086,0.52939],[0.37308,0.44929,0.86367],[0.19643,0.84928,0.58114],
[0.55818,0.21112,0.46819],[0.76905,0.44558,0.25735],[0.72309,0.76179,0.62546],[0.59882,0.62975,0.53665],
[0.51705,0.03946,0.06969],[0.4816,0.92749,0.41485],[0.14816,0.82315,0.57998],[0.56571,0.6479,0.5289],
[0.0104,0.53424,0.43449],[0.14738,0.5449,0.71464],[0.60746,0.04892,0.5222],[0.57152,0.33644,0.45332],
[0.22249,0.14456,0.41962],[0.59694,0.78625,0.62016],[0.12272,0.56056,0.05547],[0.49254,0.40496,0.63093],
[0.29074,0.15082,0.58851],[0.00613,0.26306,0.53892],[0.95173,0.00276,0.47101],[0.51625,0.4699,0.10412],
[0.78705,0.43507,0.28444],[0.71492,0.50813,0.77897],[0.26382,0.87941,0.37874],[0.25096,0.59403,0.30166],
[0.34981,0.52148,0.44069],[0.33587,0.64808,0.40005],[0.40245,0.02802,0.13833],[0.55606,0.25213,0.42686],
[0.49538,0.64698,0.24481],[0.59607,0.35461,0.0254],[0.42425,0.29494,0.73634],[0.74453,0.5746,0.65995],
[0.59632,0.67733,0.25837],[0.61768,0.4612,0.53964],[0.12401,0.65346,0.56949],[0.09343,0.18166,0.58021],
[0.55442,0.76735,0.8981],[0.16236,0.54494,0.24588],[0.52549,0.82427,0.69023],[0.18837,0.51433,0.83714],
[0.50881,0.17119,0.56394],[0.09634,0.42036,0.53577],[0.18849,0.49812,0.25793],[0.67555,0.69556,0.77206],
[0.57647,0.21893,0.13735],[0.45249,0.73,0.37719],[0.13687,0.52656,0.76263],[0.77726,0.05407,0.27679],
[0.40834,0.13351,0.33269],[0.32275,0.58535,0.18239],[0.52179,0.94692,0.14667],[0.58625,0.21084,0.68671],
[0.50702,0.16517,0.0358],[0.34994,0.91471,0.19193],[0.41171,0.41983,0.15772],[0.83142,0.22994,0.35314],
[0.72426,0.60676,0.69213],[0.69396,0.49048,0.14439],[0.40032,0.1033,0.93055],[0.93443,0.82452,0.88114],
[0.46941,0.94013,0.92427],[0.68577,0.72973,0.46754],[0.06812,0.40618,0.6726],[0.11547,0.6734,0.50143],
[0.00143,0.58405,0.85555],[0.13617,0.30828,0.57798],[0.53882,0.78748,0.64708],[0.47165,0.88266,0.43819],
[0.74029,0.05445,0.18983],[0.37825,0.83775,0.58553],[0.70228,0.26202,0.50772],[0.79509,0.21149,0.03349],
[0.22376,0.24137,0.08293],[0.46999,0.31709,0.20262],[0.54873,0.50682,0.94498],[0.61306,0.58902,0.80121],
[0.75757,0.50144,0.18708],[0.16154,0.59105,0.91309],[0.41818,0.46508,0.23895],[0.09162,0.12138,0.50319],
[0.89404,0.25552,0.17129],[0.49232,0.86588,0.49602],[0.27795,0.02326,0.47033],[0.22298,0.98936,0.52063],
[0.12354,0.50592,0.05126],[0.5788,0.17913,0.10097],[0.44724,0.15901,0.45775],[0.79307,0.47987,0.80402],
[0.26612,0.53303,0.73295],[0.5341,0.41635,0.9816],[0.5512,0.2206,0.79847],[0.83378,0.97179,0.56164],
[0.86497,0.8951,0.33129],[0.53249,0.08437,0.77688],[0.55647,0.28801,0.69911],[0.97146,0.87163,0.52398],
[0.32595,0.46691,0.81224],[0.39893,0.59653,0.21424],[0.44653,0.97078,0.64047],[0.84845,0.77872,0.49146],
[0.64355,0.09137,0.46595],[0.18874,0.92244,0.49919],[0.42787,0.26114,0.72025],[0.31502,0.54285,0.86417],
[0.40526,0.90011,0.01833],[0.70633,0.66234,0.67955],[0.28131,0.92643,0.45112],[0.10273,0.85808,0.48412],
[0.80494,0.74586,0.579],[0.40398,0.46578,0.78777],[0.44628,0.58065,0.11792],[0.79488,0.27585,0.5098],
[0.49178,0.05914,0.39419],[0.17962,0.50801,0.61158],[0.33591,0.55741,0.53584],[0.37651,0.51916,0.74645],
[0.59073,0.166,0.37402],[0.74586,0.38067,0.57155],[0.8816,0.88088,0.42684],[0.16758,0.17284,0.56368],
[0.90785,0.56667,0.40509],[0.61381,0.30499,0.58165],[0.95019,0.51527,0.67114],[0.54523,0.9551,0.56297],
[0.45663,0.18702,0.44445],[0.71561,0.49923,0.72759],[0.80112,0.60041,0.41125],[0.91688,0.40456,0.48071],
[0.57208,0.19586,0.0941],[0.44371,0.26672,0.70505],[0.97176,0.39056,0.55378],[0.44541,0.88377,0.77208],
[0.95829,0.45742,0.50593],[0.40441,0.4786,0.55281],[0.96482,0.05754,0.48381],[0.25028,0.17788,0.14182],
[0.72168,0.51986,0.89369],[0.08811,0.4681,0.00302],[0.09433,0.41854,0.97322],[0.19556,0.03141,0.51928],
[0.58385,0.55496,0.23972],[0.27795,0.17456,0.29229],[0.93518,0.5303,0.59368],[0.37842,0.51523,0.26405],
[0.63415,0.45792,0.56941],[0.65094,0.45426,0.4092],[0.23044,0.45127,0.65233],[0.95191,0.53549,0.45728],
[0.41499,0.99677,0.37361],[0.67775,0.96026,0.45748],[0.72743,0.57361,0.31959],[0.95857,0.42758,0.06931],
[0.30399,0.95175,0.50237],[0.93453,0.45305,0.51529],[0.6546,0.52865,0.17518],[0.40639,0.54896,0.77495],
[0.85585,0.5791,0.55267],[0.83783,0.17806,0.40179],[0.17947,0.54594,0.49498],[0.49447,0.09025,0.03105],
[0.73342,0.13534,0.3293],[0.48282,0.56681,0.36483],[0.15577,0.24667,0.48768],[0.08307,0.63576,0.4767],
[0.46589,0.48441,0.9121],[0.57962,0.00066,0.81643],[0.41365,0.17301,0.94158],[0.25702,0.26921,0.57146],
[0.2356,0.29224,0.5518],[0.11871,0.10691,0.4014],[0.06905,0.41084,0.16577],[0.11782,0.08975,0.21258],
[0.8163,0.91326,0.76089],[0.64215,0.61025,0.4526],[0.51603,0.24811,0.10147],[0.13048,0.80358,0.47023],
[0.1011,0.13477,0.11131],[0.29922,0.5815,0.083],[0.75291,0.77284,0.48842],[0.21391,0.23868,0.24874],
[0.66966,0.11095,0.31025],[0.88821,0.06333,0.51968],[0.82782,0.56662,0.24855],[0.46125,0.13737,0.83953],
[0.52179,0.42854,0.35164],[0.40469,0.12713,0.44951],[0.22528,0.45738,0.09319],[0.32142,0.45491,0.95727],
[0.25262,0.28308,0.58387],[0.33415,0.71296,0.46409],[0.97761,0.41232,0.7279],[0.40667,0.05532,0.56702],
[0.10736,0.95697,0.45101],[0.85235,0.0991,0.24442],[0.98398,0.52036,0.63367],[0.63139,0.58409,0.52238],
[0.38276,0.73058,0.5484],[0.46134,0.58787,0.87164],[0.49177,0.34131,0.96656],[0.84818,0.33761,0.40479],
[0.03004,0.43936,0.88008],[0.12903,0.91894,0.59825],[0.2016,0.5252,0.12126],[0.46937,0.4696,0.91928],
[0.53949,0.24375,0.00502],[0.42254,0.74595,0.44635],[0.47759,0.12509,0.98538],[0.5574,0.54408,0.66917],
[0.46554,0.25379,0.29394],[0.82004,0.93948,0.86484],[0.09867,0.40791,0.52824],[0.40292,0.10466,0.69576],
[0.52819,0.83264,0.26156],[0.54617,0.89201,0.89035],[0.60367,0.70249,0.41617],[0.53159,0.02758,0.12011],
[0.57928,0.94539,0.8975],[0.92366,0.85511,0.75362],[0.40661,0.63896,0.94302],[0.71823,0.08315,0.45124],
[0.67138,0.79072,0.5564],[0.17348,0.14022,0.13366],[0.5292,0.1921,0.01929],[0.52119,0.02713,0.48992],
[0.73688,0.32561,0.29666],[0.45638,0.04228,0.1924],[0.1934,0.24319,0.24647],[0.78185,0.70903,0.66629],
[0.46904,0.72547,0.5009],[0.84408,0.52163,0.58506],[0.4057,0.45899,0.94364],[0.5332,0.20493,0.36708],
[0.69456,0.2826,0.51445],[0.20517,0.46531,0.81103],[0.68098,0.79325,0.43543],[0.6475,0.50902,0.48723],
[0.93282,0.1711,0.45414],[0.35592,0.0908,0.43191],[0.14685,0.49516,0.08421],[0.01582,0.48106,0.89077],
[0.50248,0.36146,0.13831],[0.0784,0.25761,0.56442],[0.54872,0.70743,0.16154],[0.67348,0.55104,0.39215],
[0.97068,0.79901,0.55766],[0.50946,0.462,0.06109],[0.44267,0.50417,0.29068],[0.52122,0.6298,0.43358],
[0.00561,0.95602,0.57956],[0.75471,0.90741,0.5776],[0.41427,0.56169,0.34196],[0.85412,0.43877,0.68917],
[0.82801,0.08884,0.1408],[0.47206,0.35201,0.47675],[0.31107,0.4533,0.65187],[0.59104,0.05851,0.16235],
[0.44228,0.14844,0.32076],[0.63636,0.62631,0.53736],[0.61396,0.41364,0.28094],[0.51,0.04331,0.97786],
[0.42227,0.91186,0.59416],[0.02251,0.30976,0.54381],[0.61004,0.42089,0.01134],[0.2876,0.40026,0.01531],
[0.59411,0.3621,0.71402],[0.52205,0.24268,0.32241],[0.42644,0.16149,0.07773],[0.80503,0.68184,0.43576],
[0.25423,0.30582,0.23815],[0.53669,0.30218,0.31233],[0.74444,0.68908,0.69911],[0.8509,0.6722,0.5453],
[0.90137,0.52827,0.47437],[0.53913,0.02256,0.37946],[0.5678,0.127,0.78803],[0.49346,0.91076,0.97543],
[0.12495,0.58731,0.06994],[0.73302,0.64584,0.43669],[0.22748,0.47503,0.49175],[0.62845,0.57555,0.69406],
[0.80781,0.80514,0.43918],[0.1721,0.07936,0.53212],[0.6538,0.24378,0.2423],[0.11991,0.52848,0.22519],
[0.69345,0.3202,0.09215],[0.21002,0.79816,0.46265],[0.87783,0.53448,0.33419],[0.18766,0.4733,0.36642],
[0.9002,0.79966,0.41392],[0.51335,0.57271,0.60073],[0.74794,0.56513,0.31842],[0.13955,0.21549,0.31196],
[0.47526,0.66782,0.68336],[0.09152,0.51809,0.30034],[0.34836,0.56627,0.49159],[0.71648,0.4147,0.85476],
[0.54484,0.86835,0.68232],[0.705,0.26888,0.42445],[0.30067,0.80942,0.53879],[0.44385,0.14501,0.01553],
[0.29154,0.98124,0.57958],[0.44466,0.27073,0.44985],[0.32264,0.87679,0.33694],[0.29147,0.03267,0.46563],
[0.58666,0.32732,0.85219],[0.78595,0.4639,0.31952],[0.8169,0.49345,0.23957],[0.42727,0.62118,0.41096],
[0.34018,0.03138,0.4649],[0.33123,0.56954,0.70567],[0.46396,0.06397,0.42163],[0.43037,0.72293,0.78553],
[0.59951,0.03505,0.09777],[0.40808,0.33171,0.84361],[0.45265,0.69124,0.69113],[0.30171,0.58153,0.44094],
[0.57565,0.32453,0.31098],[0.51371,0.61196,0.18034],[0.46064,0.06073,0.1862],[0.53411,0.08539,0.23416],
[0.96056,0.73001,0.41537],[0.0681,0.55627,0.61354],[0.95484,0.47623,0.50057],[0.48436,0.05525,0.76257],
[0.91365,0.80151,0.71323],[0.93153,0.47517,0.09845],[0.68414,0.52556,0.31297],[0.58821,0.59373,0.91372],
[0.47695,0.92203,0.47318],[0.2387,0.57349,0.71191],[0.6536,0.50191,0.89432],[0.3943,0.38448,0.49633],
[0.50931,0.19565,0.37868],[0.61517,0.3135,0.43098],[0.45256,0.08825,0.08167],[0.54016,0.4952,0.09872],
[0.296,0.5939,0.68643],[0.40677,0.89441,0.15225],[0.23906,0.57839,0.95332],[0.49825,0.81223,0.7655],
[0.76402,0.57373,0.07393],[0.55317,0.54745,0.3097],[0.19804,0.07502,0.23401],[0.42053,0.62021,0.14474],
[0.4911,0.48927,0.09265],[0.84069,0.62235,0.43991],[0.9082,0.53826,0.22813],[0.83733,0.47597,0.63078],
[0.07918,0.20069,0.52312],[0.95914,0.37924,0.4434],[0.59004,0.26843,0.03539],[0.35205,0.57367,0.87162],
[0.06345,0.53705,0.1758],[0.81807,0.17087,0.4252],[0.54605,0.15084,0.21463],[0.83115,0.46865,0.33276],
[0.24236,0.77615,0.46371],[0.58467,0.65062,0.15767],[0.76296,0.09644,0.5875],[0.89086,0.84966,0.60885],
[0.80533,0.63771,0.5659],[0.41077,0.99729,0.12739],[0.52429,0.07276,0.00945],[0.10012,0.42216,0.24927],
[0.21208,0.52358,0.61278],[0.22657,0.54892,0.29133],[0.06211,0.57136,0.6679],[0.61947,0.04148,0.49436],
[0.2523,0.38809,0.57986],[0.54906,0.40167,0.11219],[0.33464,0.91318,0.30489],[0.1517,0.46845,0.8398],
[0.78893,0.98233,0.57313],[0.86958,0.95394,0.68106],[0.41563,0.12425,0.54142],[0.33237,0.16264,0.17099],
[0.53264,0.23055,0.23925],[0.93446,0.53696,0.25627],[0.14198,0.41289,0.64732],[0.70287,0.1703,0.40317],
[0.48125,0.53006,0.70034],[0.08002,0.28716,0.49499],[0.1461,0.36773,0.41873],[0.24544,0.45205,0.25277],
[0.42352,0.62458,0.07239],[0.07205,0.11021,0.53877],[0.83205,0.20861,0.40358],[0.60548,0.8734,0.60246],
[0.73919,0.42287,0.61921],[0.84967,0.09829,0.46415],[0.45015,0.50736,0.72657],[0.95384,0.3604,0.48671],
[0.514,0.63213,0.43726],[0.96755,0.91248,0.4375],[0.57795,0.89302,0.81843],[0.50247,0.68909,0.91871],
[0.2236,0.44086,0.67798],[0.26582,0.91366,0.24168],[0.7614,0.42,0.7754],[0.44129,0.80233,0.64184],
[0.6841,0.67684,0.72467],[0.8415,0.67051,0.4303],[0.24222,0.28001,0.15084],[0.50792,0.19937,0.61847],
[0.36389,0.24585,0.44162],[0.5276,0.08274,0.83003],[0.41016,0.61233,0.69574],[0.92958,0.953,0.8465],
[0.37918,0.66191,0.58526],[0.07582,0.5035,0.8148],[0.66683,0.55422,0.3218],[0.02502,0.479,0.22657],
[0.51511,0.5316,0.87134],[0.55453,0.04197,0.04837],[0.41036,0.16604,0.13916],[0.58682,0.54649,0.48037],
[0.99924,0.45246,0.47358],[0.48711,0.64944,0.51706],[0.4723,0.05599,0.35439],[0.28204,0.90025,0.37564],
[0.56456,0.71904,0.47623],[0.49225,0.968,0.97755],[0.29322,0.45291,0.87061],[0.02591,0.82459,0.40542],
[0.15766,0.13502,0.55957],[0.09694,0.37092,0.56616],[0.52837,0.27411,0.66861],[0.35997,0.77966,0.58777],
[0.51768,0.43372,0.22815],[0.49711,0.45596,0.68744],[0.22753,0.09721,0.5189],[0.08002,0.95476,0.58228],
[0.5773,0.33437,0.12051],[0.56324,0.33665,0.20795],[0.52434,0.15917,0.93515],[0.13575,0.21256,0.31603],
[0.96861,0.54608,0.80819],[0.5604,0.75689,0.13625],[0.93343,0.51478,0.44799],[0.75477,0.44607,0.94835],
[0.40291,0.49346,0.43282],[0.28682,0.54282,0.74605],[0.46158,0.62722,0.32024],[0.88698,0.8325,0.89944],
[0.43634,0.31741,0.44949],[0.66405,0.52986,0.8867],[0.86105,0.32851,0.43064],[0.88764,0.91316,0.87387],
[0.10125,0.41618,0.75552],[0.10983,0.27575,0.56804],[0.8478,0.34936,0.59564],[0.75744,0.18436,0.53757],
[0.42725,0.31883,0.73896],[0.94573,0.51966,0.52868],[0.10735,0.07421,0.43036],[0.43337,0.8914,0.37445],
[0.43333,0.66326,0.79173],[0.08079,0.92706,0.54931],[0.44232,0.67889,0.46836],[0.5995,0.93726,0.00181],
[0.80442,0.17225,0.06379],[0.80588,0.44397,0.50298],[0.801,0.40773,0.36392],[0.45457,0.80321,0.16445],
[0.14182,0.80552,0.41163],[0.91996,0.39711,0.44279],[0.19492,0.44718,0.19197],[0.5127,0.88778,0.31879],
[0.51094,0.12189,0.21115],[0.10287,0.64593,0.49392],[0.9595,0.37618,0.58416],[0.37801,0.91099,0.24969],
[0.44277,0.80716,0.89298],[0.93673,0.54376,0.43231],[0.01755,0.46359,0.82905],[0.01039,0.50186,0.7355],
[0.93946,0.45732,0.83358],[0.50576,0.65711,0.10284],[0.10988,0.56708,0.02441],[0.16511,0.07736,0.27265],
[0.26372,0.41913,0.76647],[0.1703,0.9339,0.48291],[0.48049,0.85872,0.32178],[0.21253,0.07657,0.56721],
[0.86187,0.99599,0.59066],[0.49229,0.37616,0.8004],[0.28984,0.49653,0.88904],[0.72482,0.40201,0.43537],
[0.53776,0.12777,0.24459],[0.97397,0.3151,0.41405],[0.15161,0.4697,0.17586],[0.16042,0.82546,0.57257],
[0.48776,0.55206,0.28041],[0.65792,0.42306,0.29026],[0.66299,0.45864,0.21527],[0.88616,0.90186,0.73733],
[0.40751,0.54616,0.25116],[0.54095,0.82717,0.76892],[0.08438,0.61896,0.5647],[0.00082,0.49132,0.479],
[0.39526,0.52945,0.92805],[0.16291,0.51283,0.90464],[0.55525,0.77759,0.4444],[0.45251,0.38129,0.60562],
[0.94577,0.45353,0.77485],[0.06299,0.6959,0.5469],[0.43945,0.92291,0.49926],[0.72776,0.98197,0.52374],
[0.75482,0.54794,0.13425],[0.51304,0.45108,0.32983],[0.98219,0.17274,0.46723],[0.44266,0.26697,0.98698],
[0.21785,0.22456,0.49536],[0.89572,0.71769,0.48091],[0.03031,0.58352,0.87546],[0.41408,0.85859,0.65609],
[0.40383,0.84423,0.22579],[0.40496,0.09095,0.44224],[0.93147,0.89493,0.88406],[0.61232,0.28164,0.43438],
[0.14206,0.56218,0.2043],[0.57616,0.40438,0.77756],[0.25157,0.48642,0.32408],[0.05763,0.56886,0.35056],
[0.37576,0.46144,0.36581],[0.73084,0.14349,0.2906],[0.74798,0.61226,0.41763],[0.02793,0.0598,0.56982],
[0.83283,0.14884,0.42371],[0.91667,0.92482,0.74142],[0.42731,0.67514,0.56083],[0.43015,0.35709,0.94408],
[0.65503,0.58824,0.73436],[0.63995,0.5571,0.24305],[0.35884,0.78591,0.47595],[0.47092,0.13796,0.74484],
[0.58942,0.80115,0.54714],[0.84065,0.9142,0.75329],[0.76735,0.1496,0.54067],[0.84436,0.26549,0.19025],
[0.84092,0.85494,0.3878],[0.8013,0.58861,0.01542],[0.11591,0.51297,0.67871],[0.70296,0.52836,0.41017],
[0.24422,0.07985,0.19278],[0.83711,0.14371,0.29642],[0.24973,0.14201,0.43139],[0.2351,0.47681,0.19616],
[0.44952,0.48755,0.44106],[0.52161,0.23779,0.65005],[0.9971,0.57807,0.81141],[0.54231,0.43689,0.23553],
[0.50932,0.7992,0.47923],[0.53278,0.0706,0.63656],[0.59944,0.19546,0.73659],[0.34531,0.7448,0.51529],
[0.44165,0.15328,0.92273],[0.53601,0.72712,0.42239],[0.35978,0.3279,0.5474],[0.62448,0.3687,0.50607],
[0.50076,0.93406,0.86873],[0.86887,0.8215,0.61196],[0.40372,0.49755,0.96156],[0.51799,0.45126,0.93063],
[0.12785,0.70354,0.46866],[0.21419,0.35696,0.49167],[0.72022,0.75336,0.44764],[0.49199,0.31393,0.31857],
[0.10549,0.47258,0.47328],[0.79863,0.67245,0.46611],[0.21543,0.52345,0.86056],[0.52647,0.05343,0.985],
[0.88814,0.86481,0.35199],[0.7599,0.65987,0.40574],[0.58223,0.63622,0.32351],[0.5525,0.45222,0.66393],
[0.11978,0.59649,0.67],[0.70112,0.41461,0.9667],[0.71144,0.42698,0.44442],[0.04579,0.51389,0.80928],
[0.65233,0.628,0.47368],[0.59698,0.3337,0.94816],[0.78336,0.8797,0.57023],[0.08093,0.56429,0.95222],
[0.11561,0.41296,0.47539],[0.46457,0.79749,0.84905],[0.53067,0.94899,0.8325],[0.06958,0.77917,0.43515],
[0.75375,0.46509,0.30559],[0.52239,0.28104,0.37745],[0.12826,0.07206,0.22869],[0.57969,0.0458,0.12446],
[0.14268,0.56948,0.09335],[0.89941,0.48321,0.63085],[0.68041,0.77036,0.6622],[0.32064,0.6323,0.41136],
[0.60908,0.51096,0.5382],[0.53322,0.27712,0.68639],[0.10145,0.73795,0.44513],[0.70694,0.50124,0.38214],
[0.5529,0.16894,0.57704],[0.74283,0.16961,0.40764],[0.3047,0.43292,0.85598],[0.25328,0.54231,0.82964],
[0.78358,0.6738,0.72665],[0.59918,0.95007,0.98644],[0.5916,0.499,0.98193],[0.28909,0.56326,0.00453],
[0.25963,0.10943,0.10076],[0.06378,0.39376,0.59684],[0.65657,0.37485,0.47767],[0.41533,0.73016,0.43824],
[0.42616,0.89006,0.05862],[0.88028,0.8003,0.74097],[0.07763,0.44796,0.91122],[0.20294,0.45691,0.48897],
[0.34189,0.50577,0.99922],[0.83522,0.53085,0.54271],[0.51714,0.31673,0.72735],[0.4553,0.32011,0.19758],
[0.47771,0.50145,0.24467],[0.45148,0.88752,0.57503],[0.74283,0.4395,0.41023],[0.54176,0.62513,0.39395],
[0.16303,0.47787,0.19405],[0.16934,0.85586,0.54306],[0.80852,0.09705,0.57885],[0.43206,0.64434,0.01494],
[0.04769,0.47726,0.26697],[0.49241,0.5738,0.94341],[0.5099,0.90004,0.23897],[0.53964,0.96342,0.53558],
[0.87951,0.47549,0.43417],[0.57172,0.04701,0.54967],[0.81408,0.47875,0.32873],[0.6982,0.46437,0.67315],
[0.75569,0.46672,0.22754],[0.01902,0.75143,0.48777],[0.86473,0.49542,0.71688],[0.63188,0.29332,0.27611],
[0.505,0.03666,0.80068],[0.77213,0.71337,0.56801],[0.44932,0.25172,0.27959],[0.22994,0.55397,0.44883],
[0.93405,0.49743,0.10041],[0.78845,0.11274,0.30679],[0.55062,0.94624,0.01908],[0.41272,0.49546,0.44965],
[0.38036,0.87711,0.3501],[0.32707,0.14595,0.18709],[0.72356,0.6156,0.44677],[0.8178,0.14352,0.45449],
[0.76377,0.50625,0.65882],[0.73855,0.80929,0.46974],[0.44296,0.9957,0.07786],[0.95962,0.51896,0.69773],
[0.35536,0.47493,0.36032],[0.62444,0.4287,0.36897],[0.4964,0.19164,0.95202],[0.89417,0.47013,0.59119],
[0.81435,0.85768,0.70393],[0.01053,0.25157,0.57354],[0.34401,0.56804,0.87731],[0.90401,0.57913,0.65812],
[0.79595,0.97739,0.43301],[0.52065,0.79565,0.15515],[0.79501,0.2294,0.58933],[0.20473,0.23577,0.48946],
[0.53632,0.27857,0.58751],[0.67339,0.59385,0.17439],[0.37149,0.53524,0.49144],[0.49518,0.42744,0.87319],
[0.03157,0.4217,0.0118],[0.66572,0.1189,0.2209],[0.42682,0.05416,0.16606],[0.70212,0.39374,0.52723],
[0.69281,0.73127,0.61403],[0.94626,0.96403,0.54539],[0.50761,0.92677,0.65897],[0.51471,0.93241,0.55474],
[0.48381,0.00457,0.69536],[0.95037,0.44574,0.18934],[0.76894,0.46307,0.4013],[0.30451,0.40942,0.73847],
[0.8174,0.40057,0.24828],[0.33741,0.18514,0.2269],[0.54597,0.04229,0.84635],[0.3495,0.06931,0.41119],
[0.22075,0.90782,0.74954],[0.64264,0.5192,0.00203],[0.30736,0.42565,0.2313],[0.654,0.5416,0.30892],
[0.87982,0.69532,0.48766],[0.69021,0.22624,0.34287],[0.02334,0.44852,0.61218],[0.80146,0.56713,0.49205],
[0.87409,0.15718,0.44515],[0.42493,0.61928,0.61635],[0.91479,0.88427,0.50509],[0.05147,0.24843,0.19856],
[0.43589,0.40911,0.65878],[0.16606,0.56878,0.58423],[0.45883,0.42794,0.56108],[0.58962,0.54817,0.04812],
[0.8675,0.25033,0.31466],[0.62991,0.91334,0.79131],[0.05581,0.52703,0.8472],[0.52021,0.97189,0.29871],
[0.18375,0.25061,0.45728],[0.52075,0.98631,0.60385],[0.41208,0.25447,0.76955],[0.70924,0.58978,0.36665],
[0.69095,0.76221,0.73862],[0.8854,0.44164,0.97049],[0.40065,0.60844,0.20273],[0.49088,0.63524,0.96257],
[0.33549,0.41417,0.70369],[0.4588,0.71692,0.02238],[0.53176,0.08178,0.86908],[0.13787,0.5088,0.03537],
[0.40485,0.96904,0.18841],[0.22775,0.36028,0.50809],[0.26144,0.79705,0.40638],[0.75214,0.45842,0.11142],
[0.5773,0.79516,0.23157],[0.74322,0.163,0.41237],[0.71467,0.67912,0.62867],[0.46388,0.45754,0.25662],
[0.0649,0.46288,0.41067],[0.40355,0.97188,0.19563],[0.89694,0.49938,0.56016],[0.34244,0.44721,0.63399],
[0.84597,0.96528,0.66937],[0.40724,0.57473,0.32775],[0.5149,0.80124,0.60628],[0.00477,0.54845,0.71212],
[0.70321,0.46912,0.25342],[0.64783,0.28825,0.26098],[0.86074,0.98482,0.47097],[0.40581,0.59288,0.00591],
[0.10045,0.36848,0.45833],[0.44762,0.91098,0.7535],[0.47995,0.48872,0.42601],[0.08661,0.46857,0.47893],
[0.48672,0.51309,0.14305],[0.79753,0.39045,0.57989],[0.99022,0.78537,0.4917],[0.0845,0.83165,0.46555],
[0.50318,0.6283,0.50689],[0.52032,0.1403,0.37137],[0.8743,0.84949,0.7124],[0.80853,0.45021,0.81707],
[0.52405,0.44667,0.83479],[0.35439,0.51017,0.32],[0.91226,0.18775,0.23959],[0.36005,0.57101,0.97782],
[0.45661,0.21003,0.01746],[0.17998,0.21241,0.58891],[0.02231,0.34729,0.53727],[0.03214,0.63418,0.50308],
[0.14851,0.46605,0.03342],[0.45064,0.13187,0.10806],[0.86051,0.15123,0.17571],[0.43804,0.44078,0.01287],
[0.65614,0.24985,0.12104],[0.73002,0.20244,0.31701],[0.52164,0.54563,0.27392],[0.89244,0.16996,0.25527],
[0.54092,0.62818,0.22201],[0.41224,0.67935,0.11852],[0.90732,0.32644,0.50566],[0.16034,0.59424,0.76651],
[0.78767,0.95548,0.55694],[0.00345,0.42685,0.14723],[0.5936,0.08212,0.90397],[0.2919,0.17678,0.56366],
[0.87668,0.81024,0.57689],[0.72514,0.1525,0.42857],[0.6251,0.50944,0.98708],[0.5387,0.6028,0.12533],
[0.50528,0.51919,0.65447],[0.57005,0.2014,0.07832],[0.43655,0.32461,0.69142],[0.49499,0.5041,0.61524],
[0.60497,0.08648,0.43901],[0.96567,0.51937,0.02455],[0.85323,0.50857,0.79981],[0.1679,0.22812,0.20755],
[0.45891,0.18129,0.40224],[0.49494,0.09431,0.35536],[0.51841,0.68791,0.89313],[0.61128,0.05521,0.46023],
[0.47521,0.43168,0.60103],[0.29675,0.11591,0.41583],[0.29594,0.47022,0.4349],[0.25571,0.43806,0.44067],
[0.66968,0.6927,0.42991],[0.50594,0.55762,0.79786],[0.91573,0.88611,0.38134],[0.09274,0.59254,0.22923],
[0.63104,0.4226,0.40577],[0.18959,0.51375,0.83719],[0.60919,0.87631,0.45216],[0.27086,0.5399,0.17735],
[0.5399,0.30824,0.13278],[0.54459,0.90375,0.00258],[0.71888,0.70378,0.69227],[0.18416,0.55754,0.02355],
[0.65427,0.58076,0.19517],[0.37476,0.49961,0.82824],[0.8672,0.51608,0.02612],[0.77288,0.13663,0.29553],
[0.34503,0.52515,0.32815],[0.53512,0.64338,0.36522],[0.30007,0.91112,0.13679],[0.41948,0.36198,0.7573],
[0.69696,0.56221,0.67677],[0.51706,0.59063,0.56792],[0.55616,0.74914,0.03883],[0.98673,0.80743,0.46957],
[0.96003,0.80265,0.65128],[0.58539,0.40937,0.64945],[0.10535,0.44386,0.61103],[0.88644,0.05037,0.57287],
[0.58176,0.28171,0.98199],[0.31082,0.94024,0.53656],[0.34994,0.40645,0.615],[0.26085,0.87773,0.33019],
[0.39263,0.84192,0.40181],[0.5564,0.56615,0.14784],[0.66689,0.87419,0.6373],[0.54487,0.23584,0.47584],
[0.85036,0.2298,0.47076],[0.19945,0.5036,0.8475],[0.59595,0.49006,0.19546],[0.55338,0.99843,0.40758],
[0.4644,0.07999,0.91837],[0.78909,0.55054,0.90733],[0.56334,0.74597,0.06279],[0.40302,0.15878,0.12437],
[0.67212,0.17687,0.56787],[0.86449,0.90644,0.71463],[0.54125,0.77421,0.67729],[0.84163,0.13755,0.56952],
[0.83289,0.87959,0.42536],[0.47267,0.29837,0.95712],[0.8467,0.26621,0.12077],[0.40357,0.5556,0.69475],
[0.68925,0.41306,0.54266],[0.48706,0.64046,0.75785],[0.94851,0.24036,0.42099],[0.82226,0.59077,0.91805],
[0.90663,0.30808,0.54263],[0.32336,0.43381,0.1137],[0.93483,0.95056,0.49942],[0.59748,0.40199,0.40431],
[0.41774,0.18011,0.14221],[0.07748,0.40101,0.64894],[0.54679,0.69363,0.82033],[0.59465,0.03375,0.96994],
[0.54335,0.73351,0.72261],[0.50764,0.14713,0.71263],[0.96166,0.83971,0.46283],[0.7791,0.27704,0.30109],
[0.16019,0.47562,0.12266],[0.41297,0.1901,0.37794],[0.59436,0.95873,0.75931],[0.87743,0.373,0.44138],
[0.38187,0.97642,0.43432],[0.99014,0.52147,0.6775],[0.53919,0.9292,0.19264],[0.24663,0.57676,0.22766],
[0.58055,0.49513,0.22813],[0.80498,0.63697,0.42536],[0.71021,0.16467,0.34233],[0.85979,0.66901,0.46209],
[0.09389,0.76727,0.55484],[0.29923,0.42012,0.62784],[0.19401,0.46856,0.95492],[0.20406,0.16605,0.55266],
[0.40782,0.39008,0.7892],[0.43421,0.42139,0.33483],[0.58617,0.47459,0.39175],[0.07767,0.55165,0.95326],
[0.51715,0.41149,0.14968],[0.86483,0.59208,0.89554],[0.18851,0.53979,0.32503],[0.45618,0.03268,0.96364],
[0.63907,0.49566,0.37403],[0.10547,0.25394,0.42956],[0.15904,0.52078,0.86605],[0.85834,0.28415,0.40216],
[0.59955,0.59455,0.16792],[0.54401,0.6802,0.66226],[0.23429,0.54532,0.49441],[0.40195,0.08439,0.16431],
[0.61477,0.86115,0.26543],[0.85959,0.45715,0.07796],[0.58769,0.33653,0.07232],[0.90267,0.85591,0.65359],
[0.61318,0.83678,0.42683],[0.72546,0.57055,0.74815],[0.45089,0.3908,0.49529],[0.37484,0.33218,0.58257],
[0.43207,0.97298,0.26183],[0.02128,0.72423,0.56463],[0.6577,0.41675,0.75529],[0.81598,0.52552,0.60549],
[0.30773,0.1828,0.21503],[0.18825,0.48965,0.28208],[0.56546,0.42025,0.07716],[0.85037,0.84819,0.65679],
[0.63015,0.34183,0.41426],[0.74166,0.51843,0.7464],[0.44237,0.19325,0.25154],[0.43899,0.3104,0.0496],
[0.6883,0.31006,0.41838],[0.04312,0.54377,0.99022],[0.59881,0.42496,0.13655],[0.51915,0.07102,0.41778],
[0.5557,0.49874,0.58701],[0.40433,0.55677,0.46486],[0.99888,0.03116,0.42047],[0.34468,0.59879,0.83004],
[0.05385,0.98762,0.47304],[0.92135,0.89908,0.6286],[0.72221,0.15242,0.54132],[0.95546,0.49179,0.48514],
[0.49199,0.70134,0.59],[0.02349,0.58001,0.11735],[0.44007,0.92667,0.46268],[0.57843,0.92437,0.84646],
[0.57264,0.68447,0.13332],[0.44096,0.42396,0.7142],[0.44194,0.06683,0.40496],[0.40659,0.08851,0.99634],
[0.33069,0.4002,0.04387],[0.10148,0.21966,0.11376],[0.87995,0.08879,0.59234],[0.82277,0.10391,0.08001],
[0.36539,0.91228,0.54129],[0.56888,0.56638,0.22353],[0.15529,0.42738,0.05255],[0.65851,0.45026,0.58741],
[0.22461,0.91883,0.439],[0.70785,0.98128,0.52486],[0.80901,0.56353,0.7819],[0.35885,0.85092,0.43468],
[0.33766,0.23766,0.53768],[0.21786,0.48881,0.13782],[0.28823,0.5005,0.82254],[0.39481,0.50616,0.07071],
[0.56091,0.57089,0.21162],[0.45825,0.31315,0.00423],[0.65197,0.5146,0.16064],[0.57316,0.402,0.90157],
[0.53892,0.03745,0.69873],[0.51786,0.85254,0.36121],[0.28862,0.71412,0.45307],[0.39402,0.18965,0.50317],
[0.43058,0.5191,0.98821],[0.31902,0.51167,0.56317],[0.44091,0.85341,0.67421],[0.51977,0.23064,0.23636],
[0.87654,0.83335,0.79083],[0.54518,0.12631,0.9219],[0.42679,0.80848,0.71422],[0.72383,0.44588,0.14362],
[0.76737,0.36952,0.5833],[0.00383,0.49337,0.17367],[0.06856,0.36252,0.4921],[0.18765,0.86689,0.66862],
[0.45824,0.48382,0.31164],[0.55953,0.13366,0.52306],[0.27992,0.29802,0.22194],[0.91339,0.54088,0.3949],
[0.09779,0.4035,0.21387],[0.03886,0.48454,0.8354],[0.85645,0.56623,0.76451],[0.32459,0.98766,0.58232],
[0.67842,0.58267,0.20675],[0.97635,0.00259,0.50804],[0.27619,0.53834,0.19416],[0.75677,0.06725,0.47498],
[0.17179,0.85891,0.43264],[0.00445,0.26383,0.59959],[0.33916,0.84958,0.44565],[0.84823,0.13257,0.30395],
[0.59393,0.23195,0.58158],[0.58569,0.07999,0.20166],[0.99524,0.81482,0.48764],[0.4246,0.12935,0.11898],
[0.50356,0.58982,0.27511],[0.59426,0.06248,0.63926],[0.72256,0.33448,0.56148],[0.92318,0.4903,0.51924],
[0.96412,0.51201,0.97595],[0.38423,0.47406,0.94642],[0.1937,0.88262,0.53217],[0.22885,0.62603,0.54078],
[0.74393,0.49476,0.19691],[0.48986,0.21121,0.62342],[0.81356,0.178,0.30776],[0.97121,0.92945,0.871],
[0.1884,0.58326,0.01243],[0.50289,0.86456,0.73548],[0.56202,0.30688,0.43784],[0.51863,0.55292,0.16923],
[0.10245,0.04041,0.45483],[0.96621,0.72824,0.57698],[0.34688,0.64277,0.56997],[0.96005,0.41554,0.43871],
[0.31778,0.95718,0.59733],[0.27055,0.6622,0.59447],[0.76089,0.57981,0.16155],[0.9507,0.4546,0.70538],
[0.51896,0.33028,0.671],[0.71938,0.59693,0.97915],[0.99301,0.10031,0.49336],[0.40364,0.69933,0.53054],
[0.51052,0.96201,0.80427],[0.52786,0.88475,0.20326],[0.41385,0.8603,0.08367],[0.4261,0.84829,0.07325],
[0.64581,0.9863,0.59736],[0.13761,0.11092,0.22515],[0.90642,0.84751,0.55265],[0.50038,0.2137,0.2013],
[0.52943,0.28283,0.60585],[0.4647,0.71405,0.83266],[0.49942,0.81106,0.5735],[0.3097,0.23587,0.11186],
[0.46406,0.48289,0.97428],[0.56227,0.79377,0.89636],[0.18075,0.70048,0.42868],[0.40644,0.33446,0.75109],
[0.05297,0.8333,0.50233],[0.42621,0.18494,0.66688],[0.60423,0.53743,0.54212],[0.87584,0.19734,0.59857],
[0.73848,0.19622,0.30513],[0.05508,0.51061,0.69666],[0.96421,0.49195,0.63888],[0.1985,0.40676,0.52311],
[0.54557,0.07499,0.34762],[0.43151,0.04358,0.28369],[0.43098,0.64978,0.13917],[0.24172,0.16548,0.06894],
[0.60232,0.35967,0.54454],[0.59179,0.2871,0.08204],[0.5525,0.27984,0.09176],[0.48302,0.966,0.35911],
[0.10524,0.40788,0.64807],[0.65751,0.15019,0.31337],[0.7528,0.53459,0.03033],[0.84407,0.7263,0.55481],
[0.49905,0.29215,0.00238],[0.06989,0.32659,0.50608],[0.33722,0.57747,0.81885],[0.74699,0.57824,0.81317],
[0.60675,0.25039,0.27826],[0.24655,0.90792,0.82753],[0.14201,0.75726,0.42433],[0.46599,0.59004,0.27473],
[0.53509,0.82341,0.32768],[0.57507,0.25418,0.68204],[0.30377,0.52618,0.08792],[0.0119,0.58581,0.4383],
[0.81919,0.49779,0.58304],[0.18778,0.1074,0.1418],[0.6804,0.9746,0.50022],[0.81579,0.54257,0.88819],
[0.41406,0.55584,0.41092],[0.52409,0.28221,0.31442],[0.24413,0.97969,0.40597],[0.37731,0.7157,0.4988],
[0.67178,0.13513,0.15],[0.43858,0.26989,0.29782],[0.70027,0.33362,0.46297],[0.27006,0.33097,0.46879],
[0.87109,0.26243,0.13135],[0.6986,0.68385,0.43955],[0.25201,0.13787,0.55241],[0.44991,0.96285,0.95284],
[0.4108,0.57559,0.18477],[0.61239,0.44256,0.9664],[0.00272,0.48844,0.64214],[0.92234,0.72008,0.43035],
[0.94115,0.85328,0.38978],[0.6297,0.40393,0.89936],[0.55809,0.00532,0.6493],[0.20929,0.20191,0.23325],
[0.50514,0.61934,0.36704],[0.45744,0.55148,0.79078],[0.5768,0.81512,0.70018],[0.84105,0.73844,0.50827],
[0.0375,0.58968,0.01063],[0.63329,0.91015,0.13549],[0.98343,0.56267,0.2585],[0.44599,0.11002,0.17916],
[0.47798,0.07922,0.11586],[0.4224,0.71071,0.68676],[0.53613,0.27473,0.21177],[0.9429,0.43311,0.6052],
[0.18537,0.57941,0.10363],[0.94839,0.54563,0.26191],[0.50849,0.74034,0.52442],[0.59524,0.04825,0.09727],
[0.67911,0.27876,0.52864],[0.12987,0.4772,0.53265],[0.03644,0.56926,0.70867],[0.44762,0.70752,0.18945],
[0.79679,0.44117,0.04679],[0.8703,0.63544,0.45356],[0.5919,0.15392,0.83269],[0.37172,0.70831,0.56183],
[0.60392,0.41707,0.86657],[0.13541,0.52218,0.49602],[0.68467,0.50806,0.68329],[0.47783,0.9146,0.55307],
[0.32643,0.23965,0.27049],[0.312,0.40058,0.17774],[0.5386,0.24098,0.64795],[0.24947,0.47527,0.86252],
[0.41505,0.13188,0.47298],[0.59609,0.06625,0.73319],[0.16944,0.42478,0.06017],[0.12233,0.59266,0.22531],
[0.41964,0.16295,0.26608],[0.07318,0.65019,0.59541],[0.62594,0.19176,0.1262],[0.03998,0.87015,0.40412],
[0.65895,0.7788,0.57146],[0.56645,0.8387,0.73974],[0.49976,0.57503,0.05311],[0.89376,0.24647,0.55915],
[0.68956,0.29789,0.16917],[0.27757,0.49203,0.475],[0.41994,0.60614,0.44744],[0.47433,0.72683,0.95132],
[0.68652,0.15131,0.03995],[0.86263,0.2163,0.30529],[0.74066,0.58523,0.91399],[0.35666,0.56444,0.40208],
[0.17869,0.08734,0.21377],[0.55596,0.86615,0.52375],[0.99475,0.57058,0.63521],[0.87038,0.82646,0.86934],
[0.56125,0.27441,0.67338],[0.92014,0.54198,0.54134],[0.52106,0.80449,0.41706],[0.0652,0.40141,0.0036],
[0.80181,0.28851,0.54264],[0.49071,0.15861,0.83979],[0.11639,0.98512,0.55865],[0.37604,0.53195,0.0287],
[0.95861,0.96094,0.30399],[0.64202,0.40761,0.43961],[0.00901,0.54429,0.76838],[0.84542,0.20347,0.45925],
[0.73949,0.56751,0.81909],[0.50249,0.22761,0.15268],[0.28875,0.54184,0.19135],[0.48922,0.54951,0.47291],
[0.77028,0.44428,0.9027],[0.85622,0.20992,0.42678],[0.29291,0.09554,0.52178],[0.05008,0.33649,0.57586],
[0.37809,0.0438,0.58534],[0.06442,0.75482,0.55443],[0.59819,0.99197,0.40693],[0.43158,0.90126,0.03475],
[0.2425,0.74785,0.4003],[0.49015,0.93595,0.65562],[0.70446,0.16839,0.50561],[0.2603,0.97426,0.57489],
[0.10074,0.30682,0.45826],[0.08208,0.5792,0.68014],[0.52872,0.32103,0.18157],[0.26159,0.08887,0.52199],
[0.34055,0.26725,0.21052],[0.84444,0.52036,0.126],[0.7326,0.67174,0.47446],[0.00436,0.43174,0.48495],
[0.9849,0.44938,0.81946],[0.59491,0.54319,0.49994],[0.58709,0.12516,0.62127],[0.30766,0.87382,0.5464],
[0.02516,0.50571,0.52683],[0.24292,0.53206,0.87116],[0.41981,0.73368,0.99729],[0.91415,0.40632,0.41659],
[0.52903,0.54894,0.23452],[0.7176,0.28826,0.24782],[0.52826,0.95278,0.10337],[0.04281,0.03652,0.58347],
[0.50243,0.47499,0.78044],[0.54115,0.32718,0.49798],[0.03184,0.61543,0.49481],[0.45624,0.99696,0.89281],
[0.47583,0.05542,0.21579],[0.47401,0.05361,0.53927],[0.82321,0.86037,0.77762],[0.34621,0.46142,0.40443],
[0.41764,0.90523,0.45375],[0.1321,0.54122,0.44995],[0.60079,0.46417,0.80799],[0.27323,0.19712,0.30636],
[0.17466,0.46421,0.51759],[0.13077,0.58352,0.21137],[0.4596,0.87172,0.56028],[0.0637,0.59735,0.3714],
[0.09635,0.18796,0.27779],[0.67897,0.3659,0.48177],[0.50022,0.86429,0.77335],[0.96274,0.5595,0.32965],
[0.5516,0.58852,0.5265],[0.75187,0.04688,0.40593],[0.59072,0.95551,0.48663],[0.27495,0.22066,0.58018],
[0.41346,0.36587,0.15814],[0.02052,0.48987,0.25569],[0.71067,0.49417,0.58417],[0.52636,0.42149,0.37485],
[0.99211,0.53741,0.57433],[0.66872,0.87247,0.41388],[0.47124,0.84864,0.08536],[0.56283,0.53603,0.96417],
[0.27075,0.46895,0.36475],[0.80765,0.11648,0.12742],[0.6451,0.37586,0.51262],[0.43301,0.22423,0.14207],
[0.46245,0.42675,0.95152],[0.51077,0.16056,0.82543],[0.88362,0.85595,0.70264],[0.74718,0.57528,0.73822],
[0.91968,0.0405,0.47537],[0.65479,0.56374,0.28075],[0.44004,0.30276,0.91687],[0.98958,0.78218,0.49996],
[0.57613,0.07101,0.1523],[0.59116,0.86591,0.66751],[0.79462,0.40132,0.56773],[0.40264,0.60302,0.68909],
[0.02356,0.4056,0.58285],[0.33379,0.90934,0.42827],[0.07454,0.44945,0.00053],[0.49849,0.22966,0.63669],
[0.43796,0.7052,0.74634],[0.25703,0.54761,0.74354],[0.20523,0.45276,0.28062],[0.11133,0.38072,0.55511],
[0.91347,0.45251,0.45871],[0.14523,0.45604,0.10224],[0.67786,0.69482,0.68245],[0.56529,0.34543,0.86292],
[0.27547,0.1566,0.17938],[0.98314,0.53127,0.20339],[0.43865,0.62505,0.09709],[0.09725,0.82512,0.42867],
[0.85189,0.5247,0.17729],[0.32026,0.56255,0.91536],[0.25429,0.59537,0.25975],[0.47907,0.97136,0.03629],
[0.53851,0.5517,0.18556],[0.45601,0.13936,0.48425],[0.79899,0.57682,0.62025],[0.50854,0.30327,0.8812],
[0.04489,0.10145,0.48856],[0.07178,0.46525,0.06297],[0.59517,0.5682,0.79744],[0.58736,0.17148,0.14897],
[0.48925,0.26991,0.51617],[0.72661,0.61444,0.49387],[0.86389,0.90499,0.80633],[0.09618,0.55058,0.78293],
[0.76544,0.17979,0.40695],[0.25764,0.47216,0.91681],[0.5145,0.41323,0.19974],[0.52453,0.38754,0.50292],
[0.42619,0.89525,0.11256],[0.05389,0.2036,0.41561],[0.53982,0.64929,0.82029],[0.27006,0.20715,0.31441],
[0.4511,0.94898,0.85314],[0.78788,0.45403,0.27283],[0.2856,0.81961,0.44414],[0.44907,0.41732,0.57017],
[0.40653,0.47171,0.50583],[0.51778,0.1222,0.41514],[0.27722,0.31326,0.14447],[0.122,0.28166,0.58559],
[0.81168,0.09647,0.13613],[0.15879,0.56173,0.93526],[0.0464,0.74772,0.40813],[0.46095,0.53163,0.9907],
[0.39295,0.90483,0.21757],[0.93617,0.8623,0.7328],[0.45783,0.07349,0.04064],[0.75282,0.13135,0.33073],
[0.43702,0.69819,0.52786],[0.50657,0.11396,0.90796],[0.9485,0.66873,0.43259],[0.91895,0.2189,0.20591],
[0.46937,0.96626,0.9543],[0.54155,0.92091,0.44266],[0.56797,0.32568,0.7645],[0.14454,0.05878,0.20583],
[0.39043,0.59512,0.46407],[0.76405,0.38725,0.44728],[0.42788,0.19118,0.94073],[0.82576,0.40663,0.61398],
[0.6126,0.0175,0.42025],[0.35421,0.44948,0.02784],[0.52384,0.58439,0.26935],[0.14657,0.83002,0.57284],
[0.50206,0.54711,0.26891],[0.58641,0.693,0.85625],[0.19256,0.87387,0.28207],[0.66162,0.43377,0.33951],
[0.41424,0.99443,0.16538],[0.75076,0.21228,0.06207],[0.06005,0.44208,0.01091],[0.1083,0.40201,0.87403],
[0.53323,0.08612,0.89324],[0.88108,0.91303,0.36108],[0.32493,0.90222,0.46096],[0.20407,0.85306,0.30222],
[0.09103,0.40643,0.08182],[0.47837,0.04982,0.9214],[0.44187,0.94758,0.00401],[0.05649,0.51517,0.04578],
[0.75693,0.41176,0.07713],[0.04072,0.45781,0.61077],[0.45558,0.26053,0.9338],[0.64241,0.09077,0.19788],
[0.30661,0.90258,0.10549],[0.59365,0.96529,0.89033],[0.60878,0.01506,0.59697],[0.28863,0.14045,0.27467],
[0.07223,0.6582,0.41355],[0.96711,0.15442,0.4034],[0.68494,0.57825,0.67026],[0.52054,0.05131,0.60249],
[0.81207,0.55811,0.89878],[0.15983,0.29002,0.16843],[0.41648,0.73954,0.91134],[0.50008,0.35426,0.30935],
[0.35363,0.67524,0.49594],[0.5121,0.10072,0.78503],[0.60133,0.44703,0.51175],[0.51221,0.73008,0.57792],
[0.5124,0.00201,0.90074],[0.3001,0.44846,0.31065],[0.515,0.90358,0.74879],[0.38585,0.7065,0.41355],
[0.98019,0.40634,0.10432],[0.12736,0.71625,0.5659],[0.81918,0.45846,0.06461],[0.46057,0.41931,0.79833],
[0.63072,0.40746,0.85457],[0.80952,0.09779,0.53631],[0.19073,0.49766,0.94985],[0.62828,0.13005,0.1406],
[0.12776,0.46566,0.54296],[0.11475,0.58869,0.94019],[0.35417,0.3434,0.45744],[0.57122,0.76593,0.76471],
[0.39977,0.63508,0.54183],[0.8366,0.62989,0.52317],[0.4075,0.36855,0.72732],[0.3053,0.42463,0.402],
[0.86971,0.81943,0.8332],[0.43334,0.01257,0.1885],[0.50113,0.02448,0.34577],[0.62818,0.14375,0.12266],
[0.37962,0.56356,0.77299],[0.51331,0.08391,0.31064],[0.25922,0.18125,0.28327],[0.51932,0.02458,0.08473],
[0.58779,0.85923,0.73156],[0.79976,0.67738,0.45771],[0.29502,0.52491,0.51115],[0.45638,0.07019,0.03271],
[0.36448,0.46715,0.19255],[0.97634,0.47077,0.34296],[0.9312,0.69595,0.40557],[0.5143,0.56184,0.58234],
[0.37638,0.87905,0.25176],[0.70236,0.08397,0.18663],[0.97865,0.59603,0.35956],[0.19751,0.51967,0.41962],
[0.66491,0.46765,0.49924],[0.45107,0.40045,0.45917],[0.55925,0.93751,0.89202],[0.41565,0.2133,0.6276],
[0.5151,0.22034,0.38118],[0.31747,0.82134,0.44202],[0.92978,0.82582,0.34349],[0.66234,0.61637,0.53055],
[0.62564,0.81506,0.43086],[0.59334,0.25847,0.08149],[0.84756,0.49347,0.76268],[0.42328,0.17211,0.85071],
[0.56813,0.47307,0.36966],[0.48111,0.21437,0.20752],[0.40602,0.71805,0.60353],[0.55783,0.4029,0.83769],
[0.11221,0.55445,0.61863],[0.11298,0.59989,0.1516],[0.27153,0.07512,0.23343],[0.419,0.48111,0.86246],
[0.39267,0.57194,0.77905],[0.78839,0.51147,0.95285],[0.06527,0.47384,0.40659],[0.40983,0.73841,0.12592],
[0.06245,0.32833,0.58118],[0.59872,0.05446,0.78227],[0.9967,0.59414,0.58811],[0.41557,0.98599,0.25499],
[0.72577,0.23942,0.54573],[0.83448,0.94556,0.60512],[0.14339,0.1869,0.31921],[0.99444,0.43838,0.51503],
[0.36708,0.42478,0.76754],[0.44951,0.07762,0.38408],[0.5073,0.39429,0.09076],[0.50376,0.44956,0.37495],
[0.93276,0.91276,0.55736],[0.57691,0.66213,0.77487],[0.97779,0.52931,0.96248],[0.09146,0.45504,0.84374],
[0.54596,0.36582,0.09745],[0.42434,0.56593,0.19065],[0.15059,0.98917,0.40099],[0.97582,0.57247,0.41783],
[0.50737,0.63217,0.66319],[0.04521,0.54276,0.70751],[0.71151,0.04091,0.52531],[0.53753,0.95665,0.75962],
[0.84741,0.4967,0.64884],[0.77702,0.32021,0.441],[0.63652,0.46785,0.83368],[0.26575,0.85806,0.3829],
[0.33396,0.54169,0.48149],[0.95602,0.83456,0.76931],[0.46245,0.98215,0.64343],[0.04268,0.07639,0.51657],
[0.46823,0.16949,0.36911],[0.20278,0.49461,0.14993],[0.8906,0.35176,0.52762],[0.93422,0.50474,0.49602],
[0.57655,0.70126,0.40651],[0.34679,0.97606,0.53519],[0.62443,0.18937,0.32326],[0.46386,0.51699,0.94334],
[0.83603,0.76022,0.58234],[0.44888,0.32882,0.6114],[0.64269,0.90558,0.89676],[0.64076,0.45115,0.82617],
[0.51579,0.4062,0.14836],[0.65031,0.26041,0.33168],[0.47085,0.88933,0.44955],[0.81919,0.70529,0.50271],
[0.87179,0.54451,0.29245],[0.59534,0.68319,0.47529],[0.08823,0.41856,0.21729],[0.29804,0.48809,0.13223],
[0.75615,0.50868,0.64855],[0.27771,0.56598,0.12975],[0.44312,0.12031,0.15156],[0.61629,0.70143,0.50439],
[0.48068,0.10004,0.68837],[0.2018,0.44491,0.16608],[0.53927,0.31763,0.9952],[0.7898,0.53138,0.57678],
[0.61329,0.47473,0.7779],[0.9049,0.02232,0.49739],[0.14249,0.67341,0.56833],[0.53839,0.73965,0.86346],
[0.40234,0.37546,0.16452],[0.76146,0.846,0.40638],[0.1998,0.14347,0.24832],[0.47058,0.91895,0.63646],
[0.56134,0.64665,0.24536],[0.9606,0.4901,0.03192],[0.53656,0.14606,0.86535],[0.81607,0.83869,0.52801],
[0.28221,0.61008,0.46004],[0.69607,0.46195,0.89982],[0.29733,0.62377,0.5035],[0.28661,0.48107,0.13275],
[0.77328,0.41614,0.12443],[0.45745,0.85683,0.07624],[0.02456,0.45258,0.3919],[0.73019,0.26061,0.03253],
[0.30618,0.53867,0.25538],[0.41764,0.11435,0.96498],[0.42374,0.45732,0.06017],[0.49989,0.45027,0.8554],
[0.10565,0.67589,0.5487],[0.18962,0.30154,0.19556],[0.51187,0.10538,0.11365],[0.45216,0.44963,0.66015],
[0.50581,0.40808,0.06006],[0.98587,0.10597,0.43779],[0.40516,0.68407,0.37105],[0.12213,0.50171,0.63975],
[0.05263,0.45103,0.6932],[0.06724,0.77607,0.57834],[0.4915,0.80779,0.01691],[0.40094,0.98668,0.9105],
[0.09779,0.24461,0.54333],[0.16591,0.83849,0.50724],[0.42245,0.27861,0.6446],[0.95669,0.51471,0.82835],
[0.47127,0.30749,0.15252],[0.93468,0.43803,0.67538],[0.0387,0.04048,0.52609],[0.53944,0.56103,0.77008],
[0.81609,0.43317,0.3589],[0.23216,0.32128,0.41567],[0.14048,0.05466,0.48469],[0.47317,0.09704,0.82338],
[0.75469,0.95301,0.5775],[0.90195,0.07569,0.51509],[0.26446,0.28034,0.46305],[0.29977,0.84596,0.56824],
[0.91504,0.02406,0.52045],[0.48415,0.50045,0.86823],[0.76273,0.16218,0.36412],[0.5347,0.54267,0.38376],
[0.44668,0.18162,0.9217],[0.968,0.56116,0.70501],[0.93503,0.88301,0.74296],[0.29609,0.05796,0.49218],
[0.55018,0.81837,0.7197],[0.83673,0.22467,0.35433],[0.51073,0.32826,0.66129],[0.37345,0.36049,0.48311],
[0.17587,0.14089,0.43806],[0.87696,0.50483,0.54516],[0.01447,0.31579,0.46188],[0.587,0.00049,0.39185],
[0.79629,0.91061,0.40849],[0.80766,0.08378,0.3238],[0.0174,0.51252,0.1813],[0.40181,0.52905,0.58737],
[0.59702,0.22566,0.26854],[0.11317,0.19825,0.11621],[0.97749,0.1673,0.54869],[0.44941,0.20543,0.89578],
[0.25613,0.20265,0.51229],[0.4975,0.22706,0.64526],[0.45493,0.75683,0.33106],[0.50024,0.828,0.32274],
[0.65578,0.04703,0.47877],[0.07822,0.51817,0.00911],[0.37364,0.48762,0.05146],[0.29975,0.12537,0.4263],
[0.99094,0.55929,0.3681],[0.19971,0.8049,0.43809],[0.97143,0.58658,0.5144],[0.64581,0.23738,0.06939],
[0.81654,0.9669,0.81655],[0.53696,0.08609,0.09888],[0.82321,0.82117,0.59607],[0.35743,0.48569,0.15415],
[0.73532,0.30281,0.11108],[0.77421,0.54425,0.53166],[0.25748,0.41617,0.38191],[0.52579,0.04356,0.26129],
[0.14153,0.43251,0.06497],[0.53895,0.99391,0.71132],[0.43132,0.2354,0.178],[0.82268,0.24466,0.4316],
[0.43535,0.36807,0.28897],[0.50359,0.53455,0.72261],[0.20231,0.5801,0.08347],[0.48303,0.98149,0.91162],
[0.56033,0.26261,0.90678],[0.54958,0.44375,0.41542],[0.40622,0.00204,0.84234],[0.91173,0.66572,0.53584],
[0.38596,0.78262,0.59834],[0.21458,0.7871,0.56849],[0.20536,0.71948,0.40927],[0.56677,0.71219,0.5023],
[0.21631,0.18152,0.54351],[0.58985,0.33815,0.54791],[0.63237,0.7512,0.57247],[0.31833,0.40651,0.96944],
[0.48756,0.09573,0.11663],[0.57346,0.75559,0.12192],[0.13527,0.70815,0.42935],[0.10603,0.60012,0.50842],
[0.48358,0.54672,0.58949],[0.40289,0.83087,0.92756],[0.59934,0.44129,0.45802],[0.49283,0.27625,0.08749],
[0.54201,0.17341,0.68402],[0.11985,0.80501,0.58044],[0.4812,0.37933,0.31102],[0.45324,0.81342,0.1089],
[0.11872,0.1917,0.57562],[0.37714,0.54492,0.14447],[0.07083,0.76049,0.51634],[0.24823,0.53825,0.50818],
[0.89041,0.00234,0.41252],[0.24834,0.12115,0.58866],[0.50521,0.57224,0.855],[0.69402,0.13978,0.05778],
[0.41676,0.38373,0.91014],[0.76872,0.31126,0.10887],[0.9985,0.22865,0.58575],[0.82202,0.4564,0.47391],
[0.38768,0.52878,0.82318],[0.58643,0.27204,0.87039],[0.51613,0.30291,0.53854],[0.23102,0.77025,0.51163],
[0.75708,0.04523,0.53322],[0.70169,0.44992,0.65787],[0.01505,0.54902,0.70836],[0.4802,0.86843,0.45991],
[0.68968,0.19816,0.42135],[0.79811,0.43815,0.87568],[0.83923,0.19862,0.12241],[0.92545,0.50346,0.07442],
[0.47214,0.98513,0.89294],[0.07528,0.4118,0.33051],[0.72106,0.46419,0.57313],[0.50965,0.51075,0.07184],
[0.59356,0.20843,0.23676],[0.5229,0.23388,0.01532],[0.23928,0.45493,0.1787],[0.85724,0.89618,0.35057],
[0.16111,0.49506,0.3233],[0.51654,0.98284,0.07991],[0.53271,0.44264,0.34464],[0.82938,0.546,0.70067],
[0.65956,0.82329,0.52333],[0.44487,0.44749,0.58776],[0.09179,0.43358,0.40931],[0.47511,0.37721,0.52958],
[0.97279,0.92225,0.84761],[0.96434,0.93672,0.31878],[0.67749,0.55165,0.20701],[0.07666,0.55798,0.59152],
[0.87957,0.35599,0.4674],[0.51934,0.94648,0.73218],[0.28598,0.3638,0.56782],[0.41982,0.12497,0.19215],
[0.57567,0.74213,0.7246],[0.70436,0.31204,0.10932],[0.93647,0.53477,0.87264],[0.4079,0.40209,0.55926],
[0.43067,0.39559,0.70587],[0.41228,0.12214,0.73864],[0.95789,0.75975,0.52762],[0.46495,0.97251,0.91684],
[0.87646,0.54806,0.52447],[0.42058,0.09907,0.72871],[0.23947,0.23635,0.17314],[0.70058,0.50109,0.31777],
[0.83954,0.42823,0.9292],[0.31414,0.49573,0.91233],[0.73986,0.40793,0.29909],[0.04566,0.40536,0.22589],
[0.1759,0.54719,0.60136],[0.61661,0.58665,0.1995],[0.50876,0.54368,0.42915],[0.48098,0.71956,0.49261],
[0.15596,0.68299,0.41524],[0.51044,0.26629,0.13207],[0.08684,0.4409,0.90839],[0.527,0.16228,0.42787],
[0.16686,0.79728,0.44185],[0.9148,0.21408,0.59703],[0.96159,0.59874,0.5786],[0.60014,0.17259,0.2528],
[0.97553,0.80736,0.48941],[0.36302,0.16334,0.57643],[0.52623,0.92803,0.13409],[0.45885,0.61445,0.85134],
[0.0358,0.5162,0.23501],[0.51724,0.54815,0.62218],[0.90336,0.4503,0.15558],[0.45034,0.98103,0.00218],
[0.08102,0.59163,0.94107],[0.92935,0.57437,0.08966],[0.12694,0.97551,0.5123],[0.53518,0.19237,0.45119],
[0.05891,0.16694,0.41078],[0.43156,0.14724,0.78787],[0.47278,0.89843,0.68371],[0.73124,0.57993,0.7103],
[0.28594,0.30237,0.48769],[0.70306,0.40415,0.56217],[0.40773,0.11342,0.24281],[0.04347,0.59011,0.29382],
[0.81255,0.8964,0.6878],[0.91986,0.09782,0.44856],[0.77148,0.16531,0.37128],[0.45472,0.61818,0.88311],
[0.05276,0.58249,0.41273],[0.16154,0.25179,0.26854],[0.55441,0.99508,0.71095],[0.23052,0.5908,0.13051],
[0.46351,0.69149,0.14499],[0.72977,0.45247,0.13823],[0.74679,0.52773,0.57816],[0.48168,0.58142,0.23431],
[0.538,0.53195,0.40267],[0.30999,0.58771,0.36847],[0.26801,0.97889,0.57354],[0.87681,0.80751,0.47761],
[0.3284,0.5199,0.51879],[0.77201,0.06913,0.57167],[0.42029,0.99304,0.37666],[0.32161,0.43182,0.35739],
[0.19503,0.39153,0.47905],[0.42129,0.95735,0.64679],[0.04424,0.56638,0.84816],[0.95895,0.40275,0.45127],
[0.4389,0.44505,0.0574],[0.31421,0.14374,0.50346],[0.22834,0.45994,0.47508],[0.84178,0.19701,0.26692],
[0.2107,0.79681,0.55915],[0.30788,0.57499,0.13436],[0.55153,0.09924,0.0476],[0.62182,0.9053,0.5341],
[0.70662,0.09362,0.40343],[0.49149,0.26139,0.9613],[0.74067,0.14956,0.07617],[0.46939,0.37289,0.81012],
[0.42887,0.15033,0.05427],[0.53797,0.40673,0.05105],[0.55469,0.88,0.82506],[0.41049,0.59892,0.0557],
[0.23328,0.56259,0.4133],[0.62765,0.67399,0.67564],[0.65366,0.59845,0.20539],[0.58675,0.65398,0.96619],
[0.46484,0.01418,0.88895],[0.03424,0.87231,0.53163],[0.47632,0.54797,0.1448],[0.46176,0.86897,0.32711],
[0.16868,0.25713,0.55307],[0.42696,0.16243,0.08166],[0.21328,0.929,0.44556],[0.97591,0.40359,0.08836],
[0.44723,0.15983,0.88583],[0.06885,0.44357,0.81621],[0.51395,0.8436,0.26546],[0.41769,0.2141,0.81605],
[0.47301,0.84403,0.54936],[0.20005,0.19975,0.51307],[0.97966,0.52906,0.10446],[0.13256,0.33969,0.44585],
[0.43491,0.45964,0.10608],[0.88394,0.14596,0.49486],[0.21351,0.54956,0.39993],[0.2848,0.17815,0.25848],
[0.16562,0.43003,0.94168],[0.03449,0.46893,0.30431],[0.07061,0.98836,0.58173],[0.48947,0.17862,0.90779],
[0.10597,0.43769,0.16703],[0.59055,0.10804,0.25985],[0.45624,0.43778,0.16612],[0.91477,0.42784,0.2412],
[0.54517,0.55609,0.79339],[0.80799,0.65759,0.46281],[0.1481,0.51947,0.9903],[0.88541,0.44016,0.58715],
[0.10802,0.81213,0.50859],[0.06221,0.92629,0.40891],[0.97439,0.5129,0.92004],[0.11339,0.76129,0.55215],
[0.82382,0.48269,0.7806],[0.32343,0.56471,0.96721],[0.95275,0.99269,0.56532],[0.71218,0.74085,0.44606],
[0.88969,0.448,0.84091],[0.18228,0.30652,0.24991],[0.90439,0.48811,0.55381],[0.83221,0.11909,0.27159],
[0.40004,0.49606,0.48831],[0.24838,0.11876,0.47411],[0.29111,0.30161,0.55587],[0.59793,0.57328,0.18862],
[0.8565,0.76254,0.40308],[0.54432,0.24635,0.68127],[0.91237,0.7863,0.59906],[0.85259,0.51767,0.65012],
[0.08588,0.53128,0.86137],[0.56924,0.92757,0.9395],[0.86712,0.26046,0.41344],[0.50444,0.81122,0.42047],
[0.29331,0.50625,0.00355],[0.95459,0.68833,0.43759],[0.10007,0.2752,0.23168],[0.05413,0.46567,0.75088],
[0.18985,0.00561,0.41121],[0.60286,0.06662,0.40809],[0.3989,0.42618,0.90906],[0.85904,0.94806,0.89096],
[0.38439,0.00438,0.56986],[0.1389,0.0792,0.26121],[0.41789,0.97633,0.67643],[0.82966,0.4442,0.09089],
[0.58981,0.8868,0.43304],[0.32507,0.97124,0.54267],[0.6562,0.80075,0.48525],[0.58609,0.32987,0.99827],
[0.19678,0.06274,0.5686],[0.29758,0.49401,0.14906],[0.49347,0.88696,0.7384],[0.07189,0.44497,0.60151],
[0.52891,0.34188,0.81522],[0.74373,0.44446,0.44089],[0.65523,0.70729,0.68065],[0.0564,0.49892,0.03167],
[0.59373,0.19618,0.97487],[0.54762,0.16591,0.41383],[0.12283,0.49511,0.09957],[0.46508,0.89256,0.12518],
[0.56957,0.41041,0.59131],[0.41187,0.98014,0.61501],[0.64669,0.37572,0.59025],[0.83045,0.19444,0.50098],
[0.11632,0.5049,0.76232],[0.95154,0.56867,0.72514],[0.55367,0.75434,0.05623],[0.14302,0.14371,0.51318],
[0.53175,0.88436,0.47883],[0.75306,0.516,0.51797],[0.41039,0.10745,0.49293],[0.75103,0.15534,0.55883],
[0.09823,0.68425,0.48076],[0.30435,0.43429,0.27923],[0.27172,0.17452,0.26897],[0.08866,0.59807,0.49423],
[0.34378,0.88757,0.5045],[0.28909,0.7498,0.50578],[0.73429,0.40431,0.49569],[0.15506,0.54251,0.22512],
[0.34699,0.59032,0.19323],[0.5177,0.0582,0.59125],[0.4167,0.0923,0.36822],[0.83717,0.66324,0.50066],
[0.39375,0.17527,0.59234],[0.40562,0.61341,0.6316],[0.05352,0.31526,0.48976],[0.96493,0.47187,0.78552],
[0.47558,0.46403,0.04201],[0.55813,0.92907,0.04212],[0.38821,0.54065,0.61858],[0.09371,0.28863,0.48765],
[0.45959,0.57539,0.14775],[0.28673,0.17738,0.46834],[0.74473,0.54153,0.64615],[0.57381,0.30218,0.02657],
[0.51045,0.77217,0.22969],[0.57581,0.79164,0.71508],[0.88695,0.50388,0.73293],[0.11967,0.24757,0.5155],
[0.19218,0.0538,0.44025],[0.50182,0.42667,0.45437],[0.4593,0.14298,0.33334],[0.02747,0.47806,0.40122],
[0.52235,0.16018,0.0468],[0.24555,0.35942,0.48896],[0.45312,0.80142,0.44363],[0.15245,0.51293,0.10797],
[0.45112,0.84056,0.70369],[0.48102,0.56968,0.13027],[0.20555,0.91062,0.11851],[0.89063,0.4222,0.12338],
[0.83231,0.3638,0.53985],[0.8014,0.06518,0.09973],[0.76924,0.44994,0.98372],[0.94127,0.85109,0.68444],
[0.54429,0.08994,0.25044],[0.10517,0.19461,0.43611],[0.45889,0.05683,0.19599],[0.56804,0.82283,0.66129],
[0.94816,0.47317,0.38266],[0.64598,0.59035,0.81808],[0.41424,0.83307,0.0269],[0.85588,0.19331,0.43407],
[0.14519,0.58548,0.27268],[0.46016,0.38879,0.93937],[0.76165,0.55373,0.0988],[0.07298,0.59396,0.2437],
[0.88971,0.8808,0.80857],[0.53203,0.46368,0.72285],[0.3932,0.21368,0.49494],[0.40381,0.86775,0.68982],
[0.30882,0.52223,0.34492],[0.44712,0.51389,0.38077],[0.57174,0.20862,0.98104],[0.5948,0.44973,0.28199],
[0.83591,0.55068,0.32398],[0.56907,0.86165,0.43076],[0.43755,0.2132,0.42416],[0.21067,0.642,0.40331],
[0.99427,0.47967,0.00308],[0.08569,0.48387,0.02559],[0.56107,0.37682,0.55811],[0.8115,0.7817,0.50526],
[0.54458,0.35914,0.17494],[0.92697,0.90697,0.64696],[0.43056,0.19001,0.35174],[0.03025,0.68596,0.51816],
[0.38985,0.24132,0.52183],[0.6822,0.52756,0.09697],[0.23028,0.94076,0.56057],[0.26566,0.51512,0.12298],
[0.75207,0.02939,0.22532],[0.20523,0.29497,0.11613],[0.91229,0.91379,0.53755],[0.65879,0.50175,0.80096],
[0.96068,0.12249,0.42443],[0.15475,0.66272,0.57083],[0.93086,0.15081,0.48285],[0.94996,0.51882,0.4416],
[0.45914,0.66754,0.48701],[0.25549,0.43182,0.58839],[0.10366,0.4265,0.09852],[0.09851,0.02222,0.41029],
[0.78533,0.55959,0.94008],[0.52887,0.63925,0.12952],[0.21288,0.89886,0.4448],[0.58568,0.64209,0.07291],
[0.74254,0.10364,0.28531],[0.16095,0.17318,0.16202],[0.91755,0.48897,0.37211],[0.82046,0.94536,0.86185],
[0.6923,0.53938,0.92581],[0.57753,0.09917,0.54972],[0.5581,0.87019,0.71118],[0.88929,0.43619,0.20189],
[0.4002,0.37296,0.70946],[0.68347,0.85286,0.36183],[0.70611,0.75516,0.72222],[0.42028,0.55031,0.88225],
[0.32926,0.18659,0.22779],[0.94392,0.59143,0.89863],[0.27282,0.63983,0.42217],[0.88018,0.46552,0.14266],
[0.47662,0.27908,0.80874],[0.55589,0.35894,0.72153],[0.10993,0.30792,0.50099],[0.63773,0.14255,0.13897],
[0.45406,0.85335,0.98975],[0.05188,0.6545,0.57527],[0.05343,0.44494,0.31127],[0.98955,0.46438,0.42445],
[0.94254,0.452,0.46574],[0.58795,0.8142,0.75691],[0.46116,0.14071,0.62158],[0.41206,0.13393,0.01655],
[0.08561,0.68843,0.46219],[0.58355,0.50251,0.24574],[0.50226,0.14579,0.80394],[0.71466,0.27254,0.11266],
[0.87491,0.45707,0.10038],[0.58239,0.78202,0.21273],[0.42038,0.27553,0.96804],[0.48939,0.87055,0.27772],
[0.78678,0.17981,0.33068],[0.89763,0.09187,0.5428],[0.2054,0.87775,0.41714],[0.42671,0.40115,0.19343],
[0.75122,0.27283,0.43889],[0.83923,0.72125,0.40841],[0.24727,0.64719,0.42506],[0.55961,0.56067,0.91528],
[0.26894,0.92714,0.56255],[0.06441,0.20858,0.18751],[0.44761,0.96395,0.06357],[0.77451,0.29262,0.52938],
[0.45344,0.62585,0.83348],[0.39234,0.33717,0.43581],[0.29325,0.04493,0.41961],[0.01065,0.89851,0.54024],
[0.0873,0.10704,0.54408],[0.93793,0.38546,0.43166],[0.62061,0.18209,0.42246],[0.1561,0.42146,0.39776],
[0.25604,0.54963,0.61929],[0.08168,0.57726,0.33504],[0.68313,0.19578,0.28664],[0.55294,0.62483,0.17954],
[0.47888,0.96678,0.56042],[0.97283,0.48374,0.1768],[0.57817,0.60814,0.74791],[0.92616,0.58657,0.71864],
[0.15589,0.3387,0.26503],[0.62178,0.07395,0.47011],[0.59028,0.76791,0.40631],[0.55241,0.99489,0.02742],
[0.49602,0.159,0.85738],[0.2396,0.21296,0.47511],[0.52347,0.91677,0.94027],[0.4275,0.27957,0.64622],
[0.41723,0.89847,0.02339],[0.55562,0.54141,0.72265],[0.32466,0.35708,0.4413],[0.59907,0.95916,0.15299],
[0.52244,0.36331,0.57214],[0.83476,0.77378,0.52494],[0.12885,0.43433,0.46874],[0.77188,0.08382,0.14718],
[0.23261,0.05733,0.59541],[0.4112,0.7893,0.8189],[0.89185,0.89996,0.73429],[0.34089,0.44931,0.4266],
[0.75134,0.57529,0.32996],[0.74386,0.56618,0.66799],[0.68667,0.31918,0.17416],[0.83205,0.40647,0.0973],
[0.70707,0.46876,0.29403],[0.57121,0.4762,0.35192],[0.86955,0.06633,0.5396],[0.2973,0.37335,0.52603],
[0.46218,0.92253,0.93439],[0.48704,0.82777,0.42889],[0.94789,0.4734,0.82642],[0.63576,0.57527,0.46606],
[0.39656,0.25713,0.46625],[0.0256,0.44428,0.70057],[0.58567,0.71203,0.19605],[0.82504,0.43399,0.56056],
[0.17285,0.10292,0.32406],[0.68803,0.09925,0.23391],[0.58782,0.03283,0.40513],[0.75879,0.51867,0.19723],
[0.53199,0.12659,0.08034],[0.81922,0.84683,0.62511],[0.35979,0.31729,0.49841],[0.45415,0.23422,0.52793],
[0.16295,0.81641,0.48807],[0.32334,0.08436,0.41094],[0.59064,0.47822,0.01657],[0.53464,0.72383,0.77134],
[0.02511,0.05467,0.42148],[0.53501,0.89957,0.80972],[0.21944,0.57095,0.4214],[0.93937,0.80206,0.84233],
[0.94661,0.19261,0.58394],[0.47984,0.69906,0.01399],[0.43122,0.87177,0.51131],[0.54946,0.27294,0.90966],
[0.44851,0.94522,0.92107],[0.20649,0.30363,0.53653],[0.42416,0.49286,0.32931],[0.43853,0.67024,0.90296],
[0.86206,0.12444,0.49352],[0.49596,0.8837,0.16841],[0.41315,0.59905,0.2285],[0.98985,0.42804,0.68088],
[0.5973,0.61785,0.8369],[0.74027,0.09784,0.09284],[0.04892,0.53731,0.24668],[0.87637,0.42205,0.43557],
[0.11735,0.4478,0.00479],[0.42618,0.93473,0.06709],[0.55396,0.13639,0.04248],[0.46964,0.32851,0.02592],
[0.49798,0.67154,0.2006],[0.30681,0.42338,0.68425],[0.38412,0.15549,0.57879],[0.51178,0.22075,0.4277],
[0.48101,0.70098,0.88476],[0.27346,0.41604,0.17265],[0.54643,0.84312,0.3941],[0.47824,0.76428,0.5366],
[0.60804,0.24687,0.13147],[0.53343,0.74269,0.97029],[0.5571,0.40056,0.44764],[0.07923,0.73771,0.5202],
[0.89946,0.0985,0.5551],[0.52055,0.81324,0.9807],[0.56863,0.53947,0.15883],[0.78118,0.17477,0.51617],
[0.46352,0.92395,0.99293],[0.36776,0.91811,0.74879],[0.99584,0.30228,0.473],[0.48143,0.71892,0.17606],
[0.88942,0.94212,0.47652],[0.44533,0.20251,0.86885],[0.43146,0.28748,0.61616],[0.02905,0.70072,0.56269],
[0.60896,0.90427,0.37312],[0.38493,0.90764,0.19733],[0.70275,0.83931,0.52433],[0.44944,0.81106,0.71873],
[0.45203,0.28992,0.69692],[0.48782,0.00917,0.36147],[0.05186,0.42266,0.56143],[0.58989,0.63665,0.30681],
[0.13246,0.73261,0.51599],[0.84931,0.17779,0.42006],[0.71746,0.07567,0.43567],[0.79909,0.70435,0.41957],
[0.5972,0.89223,0.04995],[0.91675,0.07691,0.47977],[0.69711,0.93054,0.51395],[0.52846,0.52235,0.56076],
[0.50804,0.56057,0.46643],[0.95053,0.70863,0.45674],[0.91723,0.43085,0.23239],[0.79606,0.56907,0.88719],
[0.93021,0.61073,0.42178],[0.87037,0.83032,0.68055],[0.53797,0.61024,0.35995],[0.35017,0.10764,0.43168],
[0.8557,0.53601,0.11795],[0.23291,0.12839,0.23616],[0.02349,0.301,0.41561],[0.12201,0.35591,0.43353],
[0.78847,0.48824,0.41286],[0.59144,0.30024,0.39448],[0.47945,0.56281,0.03328],[0.44269,0.118,0.9781],
[0.07695,0.23094,0.26143],[0.68995,0.18531,0.07786],[0.87797,0.41213,0.40766],[0.86922,0.22548,0.55372],
[0.46599,0.04796,0.62818],[0.63038,0.30425,0.45254],[0.68419,0.11507,0.41738],[0.5759,0.84463,0.00919],
[0.06482,0.25315,0.4473],[0.60764,0.94612,0.45361],[0.97944,0.42333,0.69174],[0.18239,0.53498,0.09664],
[0.03413,0.55482,0.09117],[0.17492,0.12098,0.14822],[0.53637,0.14817,0.35679],[0.57998,0.34103,0.40708],
[0.26528,0.50073,0.44224],[0.95651,0.68252,0.5181],[0.43315,0.21574,0.37052],[0.22712,0.10852,0.50166],
[0.0361,0.76228,0.44736],[0.56287,0.879,0.25514],[0.7048,0.16987,0.42915],[0.69023,0.96537,0.41111],
[0.69984,0.64747,0.72716],[0.91696,0.56859,0.31915],[0.54404,0.79303,0.41975],[0.52216,0.13506,0.5982],
[0.44689,0.14052,0.67683],[0.43824,0.81437,0.72821],[0.27892,0.2261,0.11137],[0.49493,0.82076,0.53971],
[0.95099,0.50075,0.64236],[0.4193,0.2623,0.83404],[0.59534,0.64057,0.17413],[0.569,0.91982,0.96865],
[0.3022,0.21987,0.45749],[0.76536,0.25806,0.31737],[0.15926,0.14001,0.45691],[0.38644,0.88351,0.44123],
[0.58561,0.46296,0.00669],[0.42145,0.41383,0.55083],[0.4023,0.44299,0.84654],[0.43601,0.39215,0.86149],
[0.49446,0.09226,0.68119],[0.52691,0.73773,0.75649],[0.80357,0.42809,0.17267],[0.13551,0.04869,0.45388],
[0.80852,0.15503,0.58288],[0.70637,0.5772,0.97073],[0.57288,0.54099,0.53708],[0.89763,0.07131,0.43639],
[0.06206,0.87208,0.42355],[0.91325,0.42856,0.21961],[0.81608,0.26736,0.33696],[0.51575,0.69392,0.99428],
[0.5377,0.12045,0.27786],[0.48559,0.52619,0.71755],[0.70197,0.88905,0.50252],[0.40165,0.42891,0.03767],
[0.29098,0.87193,0.55119],[0.44258,0.82327,0.17476],[0.63331,0.58954,0.9562],[0.4113,0.2207,0.49715],
[0.28951,0.72121,0.50761],[0.43584,0.17042,0.62651],[0.39113,0.60381,0.45476],[0.55011,0.78286,0.53142],
[0.26229,0.44722,0.87397],[0.13299,0.43189,0.67382],[0.11695,0.52517,0.25803],[0.35736,0.5841,0.29485],
[0.81101,0.58125,0.4025],[0.42671,0.46783,0.39614],[0.28739,0.11171,0.53698],[0.88946,0.6746,0.44522],
[0.01305,0.58034,0.31431],[0.44587,0.70721,0.54177],[0.70627,0.8152,0.59078],[0.5283,0.66172,0.25764],
[0.42678,0.94458,0.07062],[0.665,0.34278,0.1421],[0.88837,0.01105,0.57043],[0.62068,0.42335,0.97592],
[0.8492,0.58775,0.27991],[0.05428,0.49089,0.40397],[0.56908,0.48715,0.06055],[0.50588,0.84753,0.07598],
[0.67847,0.49682,0.02198],[0.40593,0.04193,0.42245],[0.91853,0.92107,0.51056],[0.94664,0.56836,0.66594],
[0.3046,0.44425,0.11603],[0.07411,0.4164,0.56983],[0.49504,0.55534,0.83151],[0.57189,0.5951,0.94817],
[0.41045,0.29968,0.90244],[0.44495,0.97231,0.02049],[0.59984,0.72312,0.21677],[0.87681,0.17791,0.27058],
[0.0486,0.46061,0.36476],[0.88235,0.32741,0.47041],[0.7296,0.24292,0.31021],[0.61614,0.55548,0.75314],
[0.5485,0.12914,0.82629],[0.82668,0.20207,0.42179],[0.80764,0.16068,0.31217],[0.88475,0.19713,0.27467],
[0.55464,0.8153,0.42158],[0.4184,0.97371,0.11649],[0.58365,0.03574,0.77226],[0.33869,0.91391,0.54141],
[0.43602,0.70864,0.92509],[0.42225,0.78732,0.61111],[0.1452,0.60304,0.41499],[0.57643,0.50577,0.83706],
[0.97542,0.45163,0.46648],[0.48728,0.33301,0.45358],[0.22612,0.46488,0.95687],[0.72193,0.85378,0.52639],
[0.42067,0.44377,0.55449],[0.26694,0.28725,0.30188],[0.76749,0.10657,0.06137],[0.88651,0.48192,0.03982],
[0.80015,0.11111,0.58922],[0.38704,0.42187,0.31463],[0.92365,0.51984,0.71281],[0.33012,0.2024,0.49087],
[0.72046,0.55808,0.74745],[0.40894,0.21829,0.02086],[0.72541,0.53014,0.42386],[0.56681,0.65485,0.24221],
[0.26922,0.41312,0.93354],[0.72661,0.52967,0.47852],[0.85196,0.43368,0.38133],[0.82294,0.57967,0.49312],
[0.5278,0.79249,0.64422],[0.42516,0.22277,0.47101],[0.32399,0.53627,0.55026],[0.84334,0.44748,0.39275],
[0.54996,0.50072,0.22016],[0.48445,0.83546,0.67459],[0.59407,0.08276,0.85141],[0.29499,0.49532,0.28436],
[0.85155,0.5741,0.5375],[0.71597,0.57424,0.65231],[0.86244,0.55723,0.38161],[0.73305,0.78894,0.71569],
[0.14482,0.8322,0.53618],[0.62816,0.13582,0.59637],[0.88358,0.95397,0.42907],[0.02435,0.08453,0.53067],
[0.21557,0.01375,0.41846],[0.19364,0.59221,0.28712],[0.5046,0.48749,0.20917],[0.74204,0.8282,0.43739],
[0.16393,0.13004,0.10265],[0.37691,0.56807,0.39746],[0.51683,0.00431,0.23538],[0.41251,0.19269,0.16586],
[0.37047,0.43786,0.29975],[0.16382,0.08174,0.20547],[0.25407,0.20012,0.47881],[0.87746,0.89761,0.52208],
[0.54765,0.7801,0.44486],[0.1389,0.43177,0.37022],[0.94263,0.53191,0.97234],[0.58079,0.13109,0.00095],
[0.25083,0.54375,0.11198],[0.42104,0.53776,0.64023],[0.40055,0.80837,0.70038],[0.6267,0.21441,0.4982],
[0.56001,0.39405,0.77959],[0.66437,0.03975,0.49202],[0.89032,0.66436,0.45074],[0.09578,0.29951,0.16551],
[0.8618,0.40609,0.09035],[0.12128,0.54875,0.50824],[0.41755,0.94772,0.9764],[0.5503,0.28479,0.39397],
[0.39517,0.49232,0.73737],[0.44546,0.57053,0.24494],[0.22115,0.50441,0.7528],[0.95825,0.43943,0.80146],
[0.62481,0.85379,0.61793],[0.5319,0.11298,0.64628],[0.15339,0.18558,0.51767],[0.44685,0.6589,0.98377],
[0.48722,0.02685,0.39318],[0.44279,0.32263,0.83945],[0.63968,0.07561,0.20489],[0.48442,0.08886,0.00619],
[0.80213,0.46847,0.14583],[0.39317,0.89233,0.48526],[0.92952,0.02473,0.45097],[0.44326,0.61786,0.97539],
[0.46747,0.15944,0.34485],[0.44195,0.29394,0.97058],[0.88811,0.39123,0.4598],[0.06023,0.42978,0.33655],
[0.42166,0.93652,0.93233],[0.38289,0.23169,0.46319],[0.05847,0.27146,0.44553],[0.71613,0.02025,0.4262],
[0.90632,0.84038,0.30813],[0.55118,0.00952,0.63645],[0.45973,0.22154,0.51085],[0.06625,0.95469,0.46064],
[0.14391,0.15389,0.49941],[0.64374,0.89901,0.57376],[0.50247,0.42995,0.77216],[0.19132,0.27435,0.20316],
[0.41548,0.33751,0.96516],[0.07521,0.50064,0.78242],[0.53581,0.3959,0.51923],[0.40261,0.11309,0.15381],
[0.38717,0.06293,0.42381],[0.14545,0.10046,0.40199],[0.55387,0.02474,0.80343],[0.94555,0.43438,0.90534],
[0.40435,0.41081,0.6638],[0.87012,0.87973,0.37394],[0.45203,0.01389,0.45751],[0.36517,0.56251,0.95932],
[0.04754,0.18051,0.58643],[0.94682,0.92854,0.35663],[0.21646,0.40606,0.5735],[0.02276,0.50453,0.57359],
[0.97586,0.83424,0.62547],[0.20765,0.90749,0.39744],[0.63811,0.61729,0.50696],[0.61747,0.48396,0.72641],
[0.07158,0.49133,0.95885],[0.25129,0.49731,0.45466],[0.69898,0.56557,0.9383],[0.55561,0.8638,0.15274],
[0.45946,0.40571,0.63181],[0.84232,0.16175,0.17992],[0.4253,0.07919,0.29377],[0.15923,0.67731,0.43493],
[0.25665,0.90223,0.30916],[0.8071,0.49634,0.96616],[0.47207,0.87755,0.14741],[0.21568,0.50067,0.82349],
[0.77533,0.53292,0.6751],[0.60529,0.79971,0.57673],[0.56809,0.0292,0.80888],[0.26987,0.2623,0.53808],
[0.18687,0.58838,0.82514],[0.43978,0.26089,0.73709],[0.8851,0.20522,0.58576],[0.48386,0.62227,0.7041],
[0.35699,0.45998,0.09656],[0.40163,0.48577,0.76004],[0.70786,0.51447,0.2751],[0.84501,0.57229,0.75104],
[0.54998,0.45935,0.16142],[0.54573,0.13018,0.98373],[0.36969,0.52738,0.53937],[0.50041,0.36304,0.08017],
[0.07734,0.44617,0.63501],[0.24998,0.54497,0.18604],[0.76523,0.44204,0.21483],[0.24163,0.46955,0.14885],
[0.40956,0.98118,0.80122],[0.46035,0.78123,0.23048],[0.41486,0.51878,0.36639],[0.4126,0.92159,0.54377],
[0.79247,0.26321,0.44394],[0.59828,0.07248,0.06811],[0.40177,0.81288,0.59729],[0.27466,0.7018,0.48425],
[0.27199,0.49424,0.99514],[0.44162,0.04205,0.06822],[0.47146,0.629,0.56213],[0.68361,0.11381,0.57479],
[0.44482,0.76427,0.73653],[0.41026,0.87825,0.48663],[0.5629,0.46824,0.15951],[0.64227,0.90081,0.93386],
[0.39574,0.45425,0.3318],[0.54637,0.61206,0.64169],[0.15213,0.57248,0.1126],[0.56121,0.3594,0.61698],
[0.71086,0.56213,0.41566],[0.58705,0.51013,0.42666],[0.48723,0.55325,0.19674],[0.10544,0.41695,0.81351],
[0.86497,0.90023,0.73604],[0.8165,0.59674,0.79689],[0.7648,0.56111,0.73882],[0.73997,0.43311,0.16399],
[0.62528,0.2258,0.41389],[0.92783,0.55803,0.53697],[0.17622,0.46775,0.4017],[0.80246,0.41752,0.28512],
[0.71785,0.60838,0.47057],[0.27643,0.2808,0.43446],[0.46339,0.51484,0.56554],[0.54916,0.89846,0.54491],
[0.17506,0.16495,0.59982],[0.58171,0.73313,0.47358],[0.23791,0.42144,0.84206],[0.58748,0.95007,0.90137],
[0.12712,0.65323,0.57016],[0.03932,0.53588,0.64193],[0.90497,0.83271,0.39487],[0.59841,0.297,0.11196],
[0.56734,0.86956,0.2183],[0.37596,0.85178,0.38097],[0.53509,0.74587,0.40626],[0.36518,0.82222,0.43409],
[0.11315,0.81754,0.51869],[0.10869,0.40322,0.59315],[0.17059,0.98498,0.45684],[0.17075,0.52519,0.852],
[0.73432,0.98721,0.40282],[0.92972,0.53783,0.31056],[0.41018,0.02708,0.28944],[0.63769,0.2021,0.41823],
[0.66001,0.21092,0.14611],[0.26399,0.53117,0.84489],[0.58095,0.62274,0.96982],[0.91795,0.58702,0.58246],
[0.21478,0.47506,0.70689],[0.58661,0.0234,0.70388],[0.57132,0.75113,0.59168],[0.76928,0.44923,0.465],
[0.4998,0.15122,0.4133],[0.67739,0.4376,0.707],[0.85603,0.18869,0.55676],[0.8417,0.09747,0.50272],
[0.17261,0.42801,0.46787],[0.76702,0.48795,0.06442],[0.08384,0.52707,0.92331],[0.32342,0.02444,0.50755],
[0.42299,0.99594,0.40878],[0.13295,0.43425,0.00809],[0.15145,0.59935,0.46413],[0.23253,0.0649,0.55778],
[0.58971,0.00485,0.06755],[0.51249,0.93464,0.52044],[0.57026,0.41679,0.97337],[0.55602,0.43073,0.90411],
[0.89679,0.93247,0.85946],[0.83228,0.50493,0.39105],[0.23632,0.91342,0.84824],[0.92134,0.52117,0.39524],
[0.7391,0.19446,0.48432],[0.55636,0.28899,0.72874],[0.03453,0.18554,0.52948],[0.79529,0.20133,0.46999],
[0.84374,0.46908,0.59964],[0.2341,0.5771,0.21367],[0.80271,0.05726,0.2771],[0.13559,0.57384,0.1299],
[0.38102,0.10572,0.5171],[0.5425,0.10542,0.51696],[0.1078,0.50987,0.04278],[0.76909,0.52588,0.31656],
[0.46538,0.08124,0.83352],[0.84635,0.94019,0.55233],[0.5068,0.27901,0.29504],[0.82529,0.54201,0.59857],
[0.85604,0.465,0.70604],[0.24785,0.87586,0.41273],[0.30925,0.51516,0.7905],[0.5464,0.82635,0.94389],
[0.12513,0.01687,0.51168],[0.08858,0.57661,0.11028],[0.15852,0.879,0.49408],[0.68375,0.25305,0.05374],
[0.74401,0.37319,0.46953],[0.47995,0.91092,0.73227],[0.55311,0.06006,0.85941],[0.05932,0.90695,0.51674],
[0.57283,0.3651,0.44036],[0.10044,0.23469,0.30417],[0.41528,0.20479,0.90696],[0.77635,0.54525,0.09064],
[0.83451,0.83925,0.57768],[0.49542,0.79556,0.00088],[0.39604,0.58843,0.75226],[0.98665,0.08598,0.40757],
[0.43611,0.50474,0.87164],[0.51561,0.35566,0.87287],[0.86076,0.53979,0.87234],[0.88004,0.66166,0.53386],
[0.4231,0.11107,0.7264],[0.27658,0.7434,0.4141],[0.78157,0.91693,0.46298],[0.88829,0.5749,0.65788],
[0.56324,0.85228,0.04258],[0.14789,0.48184,0.27532],[0.97934,0.4922,0.36963],[0.09362,0.57921,0.21948],
[0.52868,0.74258,0.0494],[0.41568,0.28249,0.83251],[0.19352,0.55994,0.98634],[0.80052,0.15161,0.04573],
[0.48379,0.2352,0.78001],[0.56982,0.536,0.40821],[0.95967,0.57076,0.4454],[0.44871,0.29436,0.7869],
[0.5795,0.03695,0.61573],[0.52308,0.45929,0.02412],[0.2715,0.53958,0.09121],[0.43801,0.47898,0.51217],
[0.87675,0.27073,0.14963],[0.28181,0.09346,0.19897],[0.99891,0.51302,0.3242],[0.55136,0.98829,0.15323],
[0.71081,0.14152,0.40068],[0.06378,0.31129,0.50849],[0.91131,0.42692,0.72019],[0.10143,0.54592,0.55802],
[0.87276,0.89992,0.54038],[0.56332,0.56637,0.87816],[0.35604,0.56139,0.50333],[0.48932,0.99496,0.58084],
[0.47414,0.11848,0.61877],[0.23007,0.23132,0.19267],[0.48177,0.08847,0.54098],[0.4752,0.16161,0.76273],
[0.12225,0.56348,0.99966],[0.56088,0.81516,0.53983],[0.02779,0.74018,0.57872],[0.48789,0.60993,0.71414],
[0.57261,0.93323,0.14219],[0.13499,0.46508,0.76709],[0.94454,0.54257,0.65435],[0.64892,0.41757,0.44919],
[0.72378,0.53754,0.14363],[0.5167,0.19089,0.56888],[0.56855,0.67022,0.06417],[0.35696,0.58979,0.5105],
[0.83253,0.91613,0.38273],[0.85961,0.96723,0.32461],[0.86991,0.56271,0.12518],[0.32239,0.09297,0.40841],
[0.74542,0.7525,0.76281],[0.33801,0.64132,0.46481],[0.43039,0.90701,0.9336],[0.88677,0.46499,0.75687],
[0.86036,0.50667,0.56748],[0.80583,0.89632,0.39934],[0.6097,0.19966,0.27979],[0.51248,0.9479,0.60202],
[0.23825,0.32312,0.49222],[0.24585,0.42442,0.69941],[0.18954,0.22507,0.41846],[0.81656,0.21205,0.54414],
[0.84484,0.40809,0.57957],[0.56056,0.63975,0.41325],[0.65844,0.43353,0.54427],[0.22771,0.54486,0.90489],
[0.40739,0.50907,0.80743],[0.59601,0.3177,0.11219],[0.90481,0.1275,0.57269],[0.02564,0.28924,0.54024],
[0.68323,0.05357,0.44513],[0.00378,0.53372,0.49629],[0.12256,0.13316,0.13451],[0.44231,0.06437,0.2033],
[0.51733,0.16369,0.45606],[0.59803,0.2151,0.91708],[0.26744,0.5344,0.81248],[0.45128,0.13923,0.86989],
[0.75879,0.04105,0.56275],[0.54874,0.10205,0.98101],[0.46536,0.71125,0.08809],[0.15439,0.56385,0.94065],
[0.18488,0.49388,0.55162],[0.71014,0.44371,0.59651],[0.1936,0.23987,0.24882],[0.76587,0.51464,0.97754],
[0.47907,0.01335,0.24246],[0.03575,0.79533,0.5265],[0.64647,0.4915,0.04133],[0.68444,0.11315,0.29196],
[0.51766,0.41167,0.44322],[0.92052,0.89568,0.53212],[0.5683,0.48158,0.57585],[0.21515,0.8258,0.54043],
[0.86905,0.85234,0.81281],[0.482,0.72922,0.11527],[0.46215,0.46953,0.98113],[0.59201,0.15154,0.28056],
[0.53788,0.7359,0.49502],[0.38401,0.48233,0.91572],[0.49051,0.08444,0.71884],[0.46816,0.65808,0.68315],
[0.44247,0.75986,0.45211],[0.10021,0.25803,0.26342],[0.85994,0.21622,0.19642],[0.39487,0.87508,0.63817],
[0.4583,0.48988,0.31741],[0.27885,0.52309,0.82699],[0.43783,0.74004,0.06442],[0.53831,0.20463,0.23449],
[0.59742,0.61717,0.95676],[0.58288,0.34326,0.44469],[0.97612,0.83702,0.51757],[0.22874,0.58915,0.82115],
[0.73754,0.72637,0.67287],[0.18658,0.43163,0.64019],[0.49488,0.73994,0.13325],[0.58379,0.366,0.73445],
[0.96634,0.43568,0.53911],[0.90036,0.82138,0.59057],[0.64577,0.30966,0.217],[0.4344,0.08881,0.17241],
[0.03638,0.09113,0.49991],[0.44301,0.85313,0.39407],[0.09237,0.57385,0.68742],[0.16428,0.15804,0.47879],
[0.25955,0.23487,0.47174],[0.27422,0.12996,0.22193],[0.39458,0.90808,0.82011],[0.56883,0.59617,0.48634],
[0.3215,0.28678,0.57211],[0.45058,0.08032,0.69736],[0.14403,0.98917,0.56246],[0.51066,0.5642,0.2577],
[0.06028,0.84791,0.5262],[0.56539,0.3977,0.88063],[0.52099,0.5328,0.0132],[0.0096,0.53706,0.15195],
[0.32019,0.12116,0.42512],[0.85783,0.40608,0.08543],[0.99066,0.74741,0.45372],[0.53588,0.4465,0.31815],
[0.54096,0.91493,0.69515],[0.43816,0.86091,0.98564],[0.0344,0.21199,0.50351],[0.50502,0.11856,0.35389],
[0.51667,0.5066,0.26134],[0.40613,0.64086,0.1857],[0.12671,0.47261,0.01804],[0.80021,0.12282,0.52782],
[0.17831,0.26503,0.54723],[0.36525,0.42665,0.36984],[0.86203,0.49428,0.62977],[0.53358,0.95988,0.14847],
[0.08321,0.39371,0.54009],[0.22913,0.65485,0.44783],[0.05691,0.92042,0.47549],[0.34558,0.45572,0.64399],
[0.79842,0.43561,0.67718],[0.54119,0.5722,0.43158],[0.53671,0.1077,0.91503],[0.50845,0.63955,0.63615],
[0.30973,0.25189,0.28353],[0.30678,0.50119,0.67264],[0.11714,0.56427,0.24519],[0.67021,0.17554,0.32814],
[0.18261,0.47532,0.48627],[0.07758,0.75605,0.5212],[0.05479,0.50282,0.00654],[0.35383,0.69539,0.44896],
[0.40722,0.3152,0.50325],[0.20451,0.66193,0.4943],[0.63347,0.18416,0.20069],[0.14192,0.07066,0.18457],
[0.18852,0.49255,0.35062],[0.52878,0.06101,0.35856],[0.57212,0.74557,0.14949],[0.81139,0.33091,0.54509],
[0.63691,0.80502,0.52854],[0.85279,0.80259,0.42005],[0.73064,0.12169,0.10231],[0.35772,0.10552,0.59051],
[0.88849,0.42185,0.2682],[0.67336,0.3998,0.43305],[0.67653,0.00669,0.59869],[0.22757,0.56945,0.18086],
[0.40526,0.75385,0.33029],[0.90409,0.78709,0.52278],[0.21781,0.42523,0.26295],[0.75272,0.77725,0.70182],
[0.6843,0.32967,0.11818],[0.58851,0.8692,0.967],[0.76416,0.15901,0.03296],[0.3639,0.31075,0.50486],
[0.49788,0.05699,0.25662],[0.51888,0.28202,0.77845],[0.03564,0.45542,0.60328],[0.13473,0.19239,0.51538],
[0.44839,0.23439,0.22494],[0.28226,0.90644,0.22516],[0.76678,0.46706,0.92916],[0.39275,0.06392,0.58082],
[0.78621,0.12756,0.40811],[0.38184,0.04799,0.45676],[0.49685,0.09956,0.55866],[0.52789,0.57194,0.9149],
[0.58555,0.60987,0.26333],[0.44077,0.96282,0.202],[0.74303,0.73848,0.74979],[0.94601,0.51582,0.14409],
[0.99404,0.79129,0.48464],[0.97217,0.5859,0.67753],[0.54369,0.75782,0.71897],[0.85045,0.65737,0.57675],
[0.89824,0.53364,0.34013],[0.74499,0.72005,0.54128],[0.79472,0.58366,0.21611],[0.08859,0.75521,0.47193],
[0.25328,0.54976,0.21138],[0.48752,0.63568,0.50955],[0.93753,0.54092,0.05091],[0.23825,0.30455,0.29991],
[0.43019,0.80981,0.28675],[0.3591,0.91202,0.40458],[0.60489,0.57121,0.90155],[0.21854,0.44678,0.30097],
[0.5216,0.92847,0.64843],[0.415,0.00709,0.8168],[0.42907,0.30379,0.6091],[0.86088,0.42839,0.87185],
[0.93174,0.93597,0.75113],[0.5728,0.61431,0.26077],[0.6379,0.07992,0.50691],[0.18031,0.18996,0.10188],
[0.21694,0.25551,0.27171],[0.59345,0.57926,0.34503],[0.09844,0.76112,0.56051],[0.57494,0.16831,0.61052],
[0.29778,0.1824,0.2021],[0.6788,0.89703,0.48793],[0.54628,0.18915,0.66845],[0.62291,0.40498,0.0341],
[0.15264,0.53982,0.5372],[0.68925,0.85416,0.68941],[0.53721,0.55349,0.14361],[0.10533,0.71641,0.40116],
[0.41024,0.25986,0.0472],[0.55125,0.51412,0.39977],[0.96707,0.69725,0.42541],[0.65638,0.54854,0.87425],
[0.5096,0.97204,0.87598],[0.52185,0.45421,0.08992],[0.26345,0.90108,0.8664],[0.54045,0.73971,0.00354],
[0.55692,0.7844,0.22357],[0.6801,0.05025,0.42245],[0.44592,0.04741,0.69842],[0.28204,0.06157,0.56175],
[0.59605,0.90567,0.74124],[0.43492,0.59053,0.16203],[0.96059,0.76686,0.59023],[0.66257,0.40833,0.68899],
[0.67915,0.42651,0.53536],[0.04045,0.27834,0.42238],[0.59715,0.87634,0.09162],[0.9047,0.08805,0.4468],
[0.48121,0.0549,0.57343],[0.40681,0.4459,0.84195],[0.72524,0.4893,0.08626],[0.94189,0.47091,0.8213],
[0.60195,0.90766,0.65698],[0.64551,0.45467,0.42966],[0.39605,0.42153,0.17853],[0.48967,0.91196,0.05634],
[0.45574,0.60199,0.82906],[0.12995,0.42725,0.06723],[0.18154,0.05996,0.40859],[0.64057,0.54732,0.08235],
[0.0136,0.52044,0.55167],[0.68373,0.46512,0.62349],[0.59469,0.0722,0.30023],[0.59071,0.3072,0.53859],
[0.58326,0.27607,0.17811],[0.6284,0.0676,0.46787],[0.43161,0.77541,0.12333],[0.48367,0.43645,0.96425],
[0.73545,0.51822,0.69985],[0.77507,0.53403,0.87314],[0.36149,0.00243,0.40297],[0.64892,0.05755,0.22935],
[0.20525,0.50019,0.46976],[0.52237,0.19498,0.67576],[0.55296,0.00094,0.90665],[0.4464,0.29978,0.66753],
[0.41045,0.15827,0.07977],[0.53137,0.95059,0.43423],[0.8877,0.47596,0.57064],[0.03016,0.89249,0.54754],
[0.25057,0.25447,0.57765],[0.97144,0.10726,0.44012],[0.58696,0.00017,0.15345],[0.73329,0.66512,0.63569],
[0.52483,0.21688,0.52542],[0.40981,0.7433,0.95452],[0.56614,0.39716,0.15302],[0.56336,0.83048,0.29293],
[0.20418,0.97665,0.55421],[0.76701,0.63865,0.58603],[0.38927,0.28167,0.40493],[0.20563,0.93149,0.41329],
[0.76238,0.71644,0.41064],[0.30367,0.46407,0.80549],[0.43096,0.93361,0.5604],[0.17774,0.53554,0.83472],
[0.59518,0.11859,0.3681],[0.45099,0.21328,0.85588],[0.50117,0.62822,0.77845],[0.2522,0.19715,0.13272],
[0.5963,0.96512,0.14565],[0.43891,0.64268,0.81332],[0.34667,0.39465,0.41729],[0.41762,0.69227,0.80423],
[0.88498,0.91188,0.77745],[0.56824,0.16672,0.37339],[0.05838,0.63021,0.4767],[0.40578,0.75485,0.51349],
[0.45371,0.44295,0.65898],[0.26152,0.14163,0.41885],[0.93154,0.81885,0.48116],[0.55786,0.97768,0.06298],
[0.42824,0.81902,0.90897],[0.39817,0.51293,0.03928],[0.06795,0.45724,0.40145],[0.72936,0.20261,0.48834],
[0.92019,0.23342,0.40704],[0.47373,0.60526,0.21374],[0.50245,0.2159,0.63618],[0.03481,0.44565,0.97477],
[0.17841,0.35204,0.40141],[0.58631,0.40885,0.57304],[0.85827,0.41176,0.24522],[0.58952,0.68287,0.03362],
[0.47029,0.42682,0.66548],[0.52043,0.68472,0.44165],[0.55859,0.0276,0.82327],[0.90473,0.77686,0.42648],
[0.26424,0.59099,0.18434],[0.5745,0.74766,0.22266],[0.20927,0.07979,0.22841],[0.31275,0.67727,0.58337],
[0.6274,0.37011,0.52687],[0.29729,0.74847,0.55332],[0.8863,0.84252,0.73132],[0.44354,0.44572,0.85028],
[0.48066,0.54381,0.35066],[0.42215,0.3924,0.91678],[0.67239,0.38126,0.52812],[0.2551,0.40712,0.03435],
[0.89116,0.559,0.11182],[0.24094,0.71012,0.42595],[0.64203,0.413,0.07604],[0.40759,0.3278,0.42122],
[0.40557,0.33711,0.88524],[0.08119,0.98518,0.45319],[0.44806,0.27908,0.06212],[0.93091,0.5075,0.78139],
[0.97658,0.44985,0.35683],[0.45704,0.10216,0.75963],[0.41244,0.25224,0.15967],[0.20794,0.65992,0.50333],
[0.49525,0.34891,0.47833],[0.35559,0.08639,0.52261],[0.73421,0.35206,0.20192],[0.23426,0.57717,0.52822],
[0.73736,0.14639,0.59597],[0.97872,0.52107,0.43273],[0.50039,0.11506,0.7943],[0.62422,0.25387,0.50217],
[0.53783,0.26569,0.61879],[0.91093,0.97593,0.4831],[0.47923,0.64058,0.03236],[0.38612,0.78678,0.51489],
[0.50424,0.08704,0.72428],[0.34987,0.12438,0.43774],[0.71025,0.42329,0.86309],[0.86437,0.86377,0.75086],
[0.10349,0.59599,0.55798],[0.83722,0.21629,0.14058],[0.39655,0.46754,0.92157],[0.1716,0.97063,0.43313],
[0.11383,0.65106,0.46621],[0.54829,0.81124,0.20654],[0.43294,0.86175,0.09717],[0.8512,0.36544,0.43077],
[0.10729,0.7755,0.43894],[0.4308,0.09895,0.00905],[0.84835,0.47922,0.88203],[0.31658,0.32464,0.58289],
[0.41122,0.51336,0.85622],[0.18473,0.20855,0.57562],[0.41369,0.54348,0.31859],[0.96671,0.42485,0.15071],
[0.51703,0.90234,0.71258],[0.09064,0.81042,0.45754],[0.99984,0.50195,0.01395],[0.4723,0.60918,0.64636],
[0.47414,0.80745,0.17475],[0.29678,0.21485,0.1978],[0.87057,0.23967,0.46626],[0.77287,0.05418,0.47443]
