username = cgmj52
problem code = GC
graph = GCGraphA.txt with (|V|,|E|) = (128,3216)
colours to use = 40
algorithm code = WO
associated parameters [n, num_cyc, N, b] = [128, 50, 2500, 1]
conflicts = 24
elapsed time = 42.9
certificate = 2284
1,2,8,20,30,10,5,30,2,20,1,7,26,14,35,4,18,19,36,10,29,1,31,30,34,14,12,31,39,5,7,5,9,28,17,21,12,14,34,25,
17,25,23,1,6,21,32,8,22,2,40,2,23,3,11,26,7,21,5,17,24,34,20,20,39,26,16,16,22,9,13,37,36,27,4,33,22,3,24,32,
33,27,13,40,40,36,35,35,40,23,24,1,3,21,38,37,3,9,15,19,10,27,35,32,11,36,12,9,13,29,21,18,19,34,3,6,2,15,8,12,
16,15,20,6,25,33,27,11,
