username = cgmj52
problem code = GC
graph = GCGraphA.txt with (|V|,|E|) = (128,3216)
colours to use = 40
algorithm code = WO
associated parameters [n, num_cyc, N, b] = [128, 70, 2500, 1]
conflicts = 15
elapsed time = 60.1
certificate = 2482
1,3,22,26,15,5,5,7,6,11,14,9,20,6,25,2,20,9,37,10,20,4,7,27,1,29,36,2,16,24,3,34,33,7,37,13,28,1,28,35,
18,38,16,25,14,34,2,17,8,39,35,18,22,19,39,24,11,34,26,4,16,17,5,5,17,2,36,17,33,34,26,32,15,5,8,35,8,3,21,8,
25,24,40,12,8,31,4,30,33,12,21,39,29,38,18,24,37,1,3,10,9,3,19,23,14,10,32,23,30,22,16,19,15,1,29,9,12,31,31,26,
10,33,40,10,22,13,34,35,
