username = cgmj52
problem code = GC
graph = GCGraphA.txt with (|V|,|E|) = (128,3216)
colours to use = 40
algorithm code = WO
associated parameters [n, num_cyc, N, b] = [128, 33, 2500, 1]
conflicts = 15
elapsed time = 58.6
certificate = 2334
30,2,9,2,6,10,13,12,24,18,23,3,13,29,10,8,3,18,10,8,14,32,1,1,34,26,33,15,2,17,19,11,20,39,22,34,18,16,40,38,
27,2,17,23,30,31,6,4,37,13,24,14,7,20,22,33,36,23,7,8,5,7,14,19,2,22,11,16,11,15,26,32,30,1,8,30,37,20,35,30,
32,14,21,21,4,36,40,5,31,9,37,4,12,10,30,14,24,36,19,27,29,20,10,38,25,15,39,19,35,6,33,3,10,28,18,12,31,31,22,11,
3,26,34,1,35,28,13,4,
