username = cgmj52
problem code = GC
graph = GCGraphA.txt with (|V|,|E|) = (128,3216)
colours to use = 40
algorithm code = WO
associated parameters [n, num_cyc, N, b] = [128, 70, 200, 1]
conflicts = 21
elapsed time = 10.3
certificate = 2416
5,12,40,10,11,34,9,39,17,22,3,28,10,17,21,6,14,37,17,6,19,18,24,27,31,23,8,21,20,28,18,34,1,12,13,24,33,20,31,38,
29,33,29,32,38,2,9,22,8,38,12,14,33,22,32,7,25,33,16,4,3,6,27,39,1,14,16,11,39,5,1,22,30,30,20,6,2,21,24,8,
35,34,38,35,5,36,14,23,37,1,13,19,12,26,2,24,36,15,4,18,31,32,31,28,29,2,5,36,35,7,18,39,4,35,29,25,13,7,3,15,
18,20,10,34,32,15,38,7,
