username = cgmj52
problem code = GC
graph = GCGraphA.txt with (|V|,|E|) = (128,3216)
colours to use = 40
algorithm code = WO
associated parameters [n, num_cyc, N, b] = [128, 100, 2000, 1]
conflicts = 11
elapsed time = 139.1
certificate = 2210
2,1,31,7,22,19,4,4,3,7,16,3,32,2,2,15,3,2,38,1,1,5,4,11,4,34,6,21,26,12,2,8,10,40,13,19,10,27,14,6,
8,20,29,1,29,39,11,4,18,12,8,9,30,40,37,28,21,38,24,3,3,39,7,7,24,25,10,9,38,33,18,15,17,14,1,10,26,29,5,11,
30,28,25,6,14,9,16,1,8,6,5,14,23,24,35,16,5,33,28,14,8,12,11,37,26,15,40,25,23,22,32,13,35,18,20,21,31,34,20,13,
18,20,7,33,37,36,9,31,
