number of vertices = 128
number of edges = 6432
number of colours to use = 40
0,0,0,1,1,0,0,1,0,0,0,0,0,0,0,0,0,0,0,1,0,1,0,0,0,0,0,0,1,0,0,0,0,0,0,0,0,1,0,0,0,0,0,0,0,0,0,0,0,0,0,0,0,0,0,0,0,0,0,0,1,0,1,1,0,1,0,0,0,1,1,0,0,0,0,1,1,0,0,0,0,0,0,0,0,0,1,1,0,1,0,0,0,0,0,1,0,0,1,0,0,0,0,0,0,0,0,0,0,1,0,0,0,0,0,0,0,1,1,0,0,0,0,1,0,1,1,
0,0,0,1,0,0,0,1,0,0,1,1,0,1,0,0,0,0,0,0,1,0,0,1,0,0,0,0,0,0,0,0,0,0,0,0,0,0,1,0,0,0,0,1,0,0,0,0,0,0,0,0,0,0,0,1,1,0,1,0,0,1,0,0,0,1,0,0,0,0,0,0,0,1,0,0,0,1,0,1,1,0,0,0,1,0,0,1,0,0,0,0,0,0,1,1,0,0,0,0,0,1,0,0,1,0,1,0,0,0,1,0,0,1,0,0,1,0,1,0,0,0,0,0,0,1,
0,1,0,1,0,1,0,1,0,0,0,0,0,0,1,1,0,1,0,0,1,0,0,0,1,0,0,0,0,0,1,0,1,1,1,0,1,0,0,1,0,0,0,0,0,0,0,0,1,0,0,1,1,1,0,0,1,0,1,0,0,1,0,1,0,0,1,1,1,1,0,0,0,1,0,0,0,1,0,0,1,1,0,0,1,0,0,1,1,1,1,1,0,0,0,0,1,1,1,0,0,0,0,0,1,0,0,1,1,0,0,0,0,0,1,0,0,0,1,1,1,0,1,0,0,
0,0,0,1,0,0,0,1,0,0,1,0,0,0,0,1,0,1,0,0,0,0,1,0,0,0,0,1,1,0,0,0,0,0,0,0,0,0,0,0,0,0,1,1,0,1,0,0,1,0,0,0,0,0,0,0,1,0,0,0,0,1,0,0,0,0,0,0,0,1,1,0,0,0,0,0,0,0,0,0,0,1,0,0,0,0,0,0,0,0,0,1,0,0,1,0,0,0,1,0,0,1,0,0,0,0,0,0,0,1,1,0,1,0,0,0,0,0,0,0,0,0,0,0,
1,1,0,1,0,1,0,0,0,0,0,0,1,1,0,1,0,1,1,0,0,0,1,0,1,0,0,0,1,0,1,1,1,1,1,0,0,1,1,0,0,0,0,0,0,0,1,0,0,1,1,1,0,0,1,0,1,0,1,1,0,1,0,1,1,1,1,1,0,0,0,1,1,0,0,1,0,1,1,1,0,1,1,1,0,1,1,1,1,1,0,1,0,0,1,1,1,0,1,1,0,0,1,0,0,1,1,0,0,0,0,0,1,1,1,0,1,1,1,1,1,1,1,
0,0,0,1,0,0,1,1,0,1,0,1,0,0,0,0,1,0,1,1,0,0,0,1,0,0,0,0,1,0,1,0,0,0,1,0,0,1,0,1,0,0,0,0,0,0,0,0,0,0,1,1,1,1,0,1,0,1,0,0,0,1,1,1,0,1,1,0,0,1,1,1,1,1,1,1,1,0,0,0,1,0,1,1,0,1,0,0,0,0,1,1,0,1,0,1,0,1,1,0,1,0,1,1,1,0,0,0,0,1,0,0,1,0,1,0,0,0,1,1,1,1,
0,1,0,1,0,0,1,0,1,0,1,1,0,1,0,0,1,0,0,0,1,0,1,0,0,0,1,1,1,1,1,0,1,0,1,1,1,0,0,0,0,1,0,1,1,0,0,1,1,1,0,0,1,0,1,0,1,1,0,1,1,1,1,1,1,1,0,0,0,1,1,1,0,1,0,1,1,1,0,1,1,0,1,1,1,1,1,1,0,1,0,0,1,1,1,0,1,1,0,0,1,0,1,1,1,0,0,0,0,0,1,1,0,0,1,1,1,1,1,0,1,
0,1,0,1,0,0,1,0,0,0,0,0,0,1,0,0,0,0,1,0,0,0,0,1,1,0,0,0,0,0,0,0,1,0,0,0,0,0,1,0,0,1,0,0,1,0,0,0,0,0,0,0,1,0,0,0,0,0,0,0,0,0,0,0,0,1,1,1,0,0,0,0,0,0,0,0,0,1,0,0,0,0,0,0,0,0,0,1,0,0,1,0,0,0,0,0,0,1,0,0,1,0,0,0,0,0,1,0,0,0,0,0,0,0,0,0,0,0,0,0,
0,1,0,0,0,0,0,0,1,1,0,1,0,0,1,0,0,0,1,0,1,0,0,0,1,1,1,1,1,0,1,0,1,1,1,0,0,0,0,1,0,0,1,0,0,1,1,1,0,0,1,0,1,0,1,1,0,1,0,1,1,1,1,1,0,0,0,1,1,0,0,1,0,1,1,1,0,1,1,1,0,1,1,1,1,1,0,0,0,0,1,1,1,0,1,1,0,0,1,0,0,1,1,0,0,0,0,0,1,1,0,0,1,1,1,1,1,1,1,
0,0,1,1,0,1,1,0,0,0,0,0,1,0,1,1,1,0,1,0,0,0,0,0,1,0,0,0,0,0,1,0,0,0,0,1,1,0,0,0,1,0,0,0,0,0,0,1,1,0,1,0,0,0,0,0,0,1,1,0,0,0,0,1,0,1,0,0,1,1,0,1,1,0,0,0,1,0,0,1,0,1,0,0,0,1,1,1,0,0,0,0,0,1,0,0,1,0,1,1,0,0,1,0,0,1,0,0,0,0,1,0,0,0,0,0,0,0,
0,0,0,0,0,0,1,1,0,1,0,0,1,0,0,0,1,0,0,0,0,0,1,0,1,1,1,0,1,0,0,1,0,0,0,0,0,0,0,0,1,0,0,1,1,1,0,0,1,0,1,0,0,1,0,1,0,0,1,1,1,1,0,0,0,1,0,0,0,1,0,0,1,1,0,0,1,0,0,1,0,1,1,1,0,0,0,0,1,1,1,0,0,0,0,0,1,0,0,0,1,0,0,0,0,0,1,0,0,0,1,1,1,0,1,0,0,
0,0,1,0,0,0,0,1,0,1,0,0,0,0,1,0,0,0,0,1,1,0,0,0,0,0,0,0,0,0,0,0,0,0,0,1,0,1,0,0,1,0,0,0,0,0,0,0,0,0,1,0,0,1,0,0,0,0,0,0,0,1,0,0,0,0,0,0,0,0,0,0,0,1,0,0,0,0,0,0,0,0,0,1,0,0,1,0,0,0,1,0,0,1,0,0,0,0,0,0,0,1,1,0,1,0,0,0,0,0,0,0,0,0,0,0,
1,0,1,0,1,0,0,0,0,1,1,1,1,0,0,0,0,0,0,0,0,1,1,1,0,0,0,1,1,1,1,0,1,0,0,1,0,1,0,0,1,0,0,1,1,1,1,0,1,0,1,0,0,0,1,1,1,0,0,1,0,0,1,0,0,1,1,1,1,1,0,0,0,1,0,1,1,0,1,0,0,0,0,1,1,0,1,0,1,0,1,1,0,1,0,1,1,0,0,1,0,0,1,0,0,1,0,1,0,0,1,0,1,0,1,
0,1,1,1,0,0,0,0,1,1,1,1,0,0,1,0,0,0,0,0,1,1,1,0,0,0,1,1,1,1,1,1,0,0,1,0,1,1,0,1,0,0,1,1,1,1,0,1,0,1,0,0,0,1,1,1,0,0,1,1,0,1,0,0,1,1,1,1,1,0,0,0,1,0,0,1,0,1,0,1,1,0,1,1,0,1,0,1,0,1,1,0,1,0,1,1,0,0,1,0,0,1,0,0,1,0,1,0,0,1,0,1,0,1,
0,0,0,0,0,0,1,0,0,0,0,1,0,0,0,0,1,1,0,0,0,0,0,0,0,0,0,0,0,0,0,1,1,0,1,0,0,1,0,0,0,0,0,0,0,1,0,0,0,0,1,0,0,0,0,0,0,0,0,1,0,0,0,0,0,0,0,0,0,0,1,0,0,0,0,0,0,0,0,0,1,0,0,1,0,0,0,0,0,0,1,0,0,0,0,0,0,0,1,1,0,1,0,0,0,0,0,0,0,0,0,0,0,
1,1,0,0,0,0,1,1,1,1,0,0,1,0,1,0,0,0,1,1,1,0,0,0,1,1,1,1,1,1,0,0,1,0,1,1,0,1,0,0,1,0,1,1,0,0,0,1,0,0,0,1,1,1,0,0,1,1,0,1,0,0,1,1,1,1,1,0,0,0,1,0,0,1,0,1,0,1,0,1,1,1,0,1,0,1,0,1,1,0,1,0,1,1,0,0,1,0,0,1,0,0,0,0,0,0,0,1,0,1,0,0,
0,0,1,0,0,0,0,1,1,1,0,1,0,1,0,0,0,1,0,0,0,0,0,0,1,0,1,1,1,0,0,1,0,1,0,0,1,0,0,0,0,0,0,0,0,0,0,0,0,0,1,1,0,0,0,0,1,0,0,0,0,1,0,0,0,0,0,0,0,0,0,0,1,0,0,0,0,0,1,0,0,0,0,0,0,0,0,1,0,0,0,1,1,0,0,1,0,0,0,0,0,0,0,0,0,0,0,0,0,0,0,
1,0,1,0,1,1,1,1,0,1,0,1,0,0,0,1,1,1,1,1,0,1,0,1,1,1,0,0,0,0,1,0,1,1,0,0,1,1,1,0,1,1,0,1,0,1,1,0,1,1,1,1,1,1,1,0,0,0,1,1,1,0,1,1,1,1,1,0,1,1,1,1,1,1,1,1,1,0,1,0,0,1,1,1,0,1,1,0,1,1,0,1,1,1,0,0,0,0,0,1,1,0,0,1,1,1,1,1,1,1,
0,1,0,0,1,0,0,0,1,0,1,0,0,0,1,0,1,1,1,0,1,0,0,1,1,0,0,0,0,0,0,0,1,0,0,1,1,1,0,0,1,0,1,0,1,1,0,1,0,0,1,1,1,1,0,0,0,1,1,0,0,1,0,0,1,1,0,1,1,1,0,1,1,1,1,1,0,0,0,0,1,1,1,0,0,1,0,0,1,0,0,1,1,0,0,0,0,0,1,1,0,0,1,1,1,1,1,1,1,
0,1,0,0,0,0,1,0,1,0,1,1,1,0,0,0,0,0,0,0,0,0,0,0,0,0,1,1,0,0,0,0,1,0,0,0,0,0,0,0,0,0,1,0,0,1,0,0,0,0,0,0,0,1,0,0,0,0,0,0,0,0,0,0,0,1,0,0,0,0,0,0,0,0,0,1,0,0,1,0,0,0,1,0,0,0,0,0,0,0,0,0,0,1,1,0,1,0,0,0,0,0,0,0,0,0,0,0,
0,0,1,0,0,0,1,0,1,0,0,0,1,0,1,1,1,1,1,0,0,1,0,0,0,0,0,0,0,0,0,0,0,1,1,1,0,0,1,0,1,0,1,1,0,1,0,0,1,1,1,1,0,0,0,1,1,0,0,1,0,0,1,1,0,1,1,1,0,1,1,1,0,1,0,1,0,0,1,1,0,0,0,0,0,0,1,0,0,1,1,0,0,0,0,0,1,1,1,0,1,1,1,1,1,1,1,
0,0,0,0,1,0,0,0,0,1,1,0,0,0,0,0,0,0,0,0,0,0,0,0,1,1,0,1,0,0,1,0,0,0,0,0,0,0,1,0,1,0,0,1,0,0,0,0,0,0,0,1,1,0,0,0,0,0,0,0,0,0,0,1,0,0,0,0,0,0,0,0,0,1,0,0,1,0,0,0,1,0,0,1,0,0,0,0,0,0,0,1,1,0,1,0,0,0,0,0,0,0,0,0,0,0,
0,0,1,0,0,0,1,0,0,0,0,1,0,0,0,0,0,1,0,0,1,0,1,0,0,0,0,0,0,0,0,0,0,0,1,1,1,0,1,0,1,0,0,0,1,1,1,0,0,1,0,0,1,1,1,0,1,1,1,1,0,0,0,1,0,1,1,0,1,0,0,0,0,1,1,0,1,0,1,0,1,0,0,1,0,1,1,1,0,0,0,0,1,0,0,1,1,1,0,0,0,1,1,1,1,
0,1,0,1,0,1,0,0,0,1,1,1,1,1,0,1,0,1,1,1,0,0,0,0,1,0,1,1,0,0,1,1,1,0,0,1,0,1,0,1,1,0,1,1,1,1,1,1,1,0,0,0,1,1,1,0,1,0,1,1,1,0,1,1,1,1,1,1,1,1,1,0,1,0,0,1,1,1,0,1,1,0,0,1,0,1,1,1,0,0,0,0,0,1,1,0,0,1,1,1,1,1,1,1,
1,0,0,1,0,1,0,0,0,1,0,1,0,0,0,0,1,1,1,1,1,0,0,1,0,1,1,0,1,0,0,1,0,1,1,0,0,0,0,0,0,0,1,1,1,0,0,1,1,0,0,0,0,1,1,1,1,1,0,0,0,1,0,0,1,0,1,0,1,0,0,0,0,0,1,0,1,0,1,1,0,1,0,1,1,0,0,1,0,0,0,0,0,0,0,0,0,0,1,0,1,0,0,
0,0,1,0,0,0,0,0,1,1,1,0,0,0,1,1,1,1,1,1,0,0,1,0,1,1,0,1,0,0,1,1,1,1,0,1,0,1,0,0,0,1,1,1,0,0,1,1,0,1,0,0,1,1,1,1,1,0,0,0,1,0,0,1,0,1,0,0,0,1,1,1,0,1,0,1,0,1,1,0,1,0,1,1,0,0,1,0,0,1,0,0,1,0,1,0,0,1,0,1,0,1,
0,1,0,1,1,1,0,0,0,0,0,0,0,1,0,0,0,0,1,1,1,0,1,0,0,1,0,0,0,0,0,0,0,0,0,1,0,0,1,0,0,0,0,0,0,0,1,1,0,0,0,0,0,0,0,0,0,0,1,0,0,0,0,0,0,0,0,0,1,0,0,1,0,0,0,1,0,0,1,0,0,1,0,0,0,1,1,1,0,1,0,0,0,0,0,0,0,0,0,0,0,
0,1,0,0,0,1,1,1,1,1,0,1,0,1,1,1,0,0,0,0,1,0,1,1,0,0,1,1,1,0,0,1,0,1,0,1,1,0,1,1,1,1,1,1,1,0,0,0,1,0,1,0,1,0,1,1,1,0,1,1,0,1,1,1,1,1,1,0,0,0,0,1,1,1,0,1,1,0,0,1,0,0,1,1,0,0,0,0,0,1,1,0,0,1,1,1,1,1,0,1,
0,1,0,0,0,1,0,0,0,0,0,1,0,0,0,1,1,1,1,0,0,1,0,0,1,0,0,0,0,1,0,0,0,0,0,0,0,0,1,1,0,0,0,0,1,0,1,0,0,1,0,0,0,0,0,0,0,0,0,0,1,0,0,0,0,0,1,0,0,0,0,0,0,1,0,0,0,0,0,1,1,0,0,1,1,0,0,1,0,0,0,0,0,0,0,0,0,0,0,
0,0,0,1,0,1,1,0,1,0,0,0,0,0,0,0,0,0,0,0,0,0,0,0,0,0,1,0,0,1,0,1,0,1,1,0,1,0,0,1,1,1,1,0,0,0,1,1,0,0,1,0,1,0,0,0,1,1,1,0,1,1,0,0,1,0,1,0,0,1,1,0,0,1,0,0,1,1,0,0,1,0,0,0,0,1,0,0,1,1,0,1,1,1,1,1,1,1,
0,0,0,1,0,0,0,0,0,0,1,0,0,1,1,0,0,1,0,1,0,0,1,0,0,0,0,0,0,0,0,0,0,0,0,0,1,1,0,0,0,0,1,0,0,0,0,1,0,0,0,0,0,0,0,0,0,0,0,0,0,0,0,0,0,0,0,0,0,0,0,1,0,1,0,0,0,0,1,0,0,1,1,0,0,0,0,0,0,0,0,0,0,0,0,0,0,
1,0,0,0,0,0,0,0,0,0,0,0,0,0,1,1,0,1,0,0,1,0,0,0,0,0,0,0,1,0,0,0,0,1,0,0,0,0,0,0,0,1,1,0,0,0,0,0,0,0,0,0,0,1,0,0,0,0,0,0,0,0,0,1,0,0,1,0,0,0,1,0,0,1,0,0,0,0,0,0,0,1,1,0,1,0,0,0,0,0,0,0,0,0,0,0,
0,0,0,0,0,0,0,0,0,0,0,0,0,1,1,0,1,0,0,1,0,0,0,0,0,0,0,1,0,1,0,0,1,0,0,0,0,0,0,0,1,1,0,0,0,0,0,0,0,0,0,0,1,0,0,0,0,0,0,0,0,0,1,0,0,1,0,0,0,1,0,0,1,0,0,0,0,0,0,0,1,1,0,1,0,0,0,0,0,0,0,0,0,0,0,
0,1,1,1,0,1,0,0,1,1,0,0,0,0,0,0,0,1,0,0,1,1,1,0,0,1,0,1,0,0,1,0,1,0,0,1,1,1,1,0,0,0,1,1,0,0,1,0,0,1,1,0,1,1,0,0,1,1,1,1,1,0,0,0,0,1,1,1,0,0,0,0,0,1,0,0,1,1,0,0,0,0,0,1,0,0,0,1,1,1,1,1,1,1,
1,1,1,0,0,0,1,1,1,1,1,0,0,1,0,1,1,0,1,0,0,1,0,1,1,0,1,0,1,0,0,0,1,1,1,0,0,1,0,0,0,0,0,1,1,1,1,1,0,0,0,1,0,0,1,0,1,1,1,1,0,0,0,0,1,0,1,0,1,1,0,1,1,1,1,0,0,1,0,0,1,0,0,0,0,0,0,0,1,0,1,0,1,
1,1,0,1,0,1,1,1,0,0,0,0,1,0,1,1,0,0,1,1,1,0,0,1,0,1,0,1,1,0,1,1,1,1,1,1,1,0,0,0,1,1,1,0,1,0,1,1,1,0,1,1,1,1,1,1,1,1,1,0,1,0,0,1,1,1,0,1,1,0,0,1,0,1,1,1,0,0,0,0,0,1,1,0,0,1,1,1,1,1,1,1,
1,0,1,0,1,1,1,0,0,0,0,1,0,1,1,0,0,1,1,1,0,1,1,0,1,0,1,1,0,1,1,1,1,1,1,1,0,0,0,1,1,1,0,1,0,1,1,1,0,1,1,1,1,1,1,1,1,1,0,1,0,0,1,1,1,0,1,1,0,0,1,0,1,1,1,0,0,0,0,0,1,1,0,0,1,1,1,1,1,0,1,
0,1,0,1,1,1,0,0,0,0,1,0,1,1,0,0,1,1,1,0,0,1,0,1,0,0,1,0,1,0,1,1,1,1,1,0,0,0,1,0,1,0,1,0,1,1,1,0,1,1,0,1,1,1,1,1,1,0,0,0,0,1,1,1,0,1,1,0,0,1,0,0,0,1,0,0,0,0,0,1,0,0,0,1,1,1,0,1,0,0,
0,0,0,0,0,0,0,0,0,0,0,0,0,0,0,0,0,0,0,0,0,0,1,0,1,1,0,0,0,0,0,1,1,0,0,0,0,1,1,0,0,0,0,0,0,0,0,0,1,1,0,0,0,0,0,0,0,1,0,0,0,0,0,0,0,0,0,0,0,0,0,1,0,0,0,0,0,0,0,1,1,0,0,0,0,1,0,1,1,
0,0,1,1,0,0,0,0,0,0,0,1,0,0,1,1,1,0,0,1,0,1,0,0,1,0,1,0,0,1,1,1,1,0,0,0,1,0,0,0,1,0,0,1,1,0,1,1,0,0,1,1,1,1,1,0,0,0,0,1,1,1,0,0,1,0,0,1,0,0,0,1,0,0,0,0,0,1,0,0,0,1,1,1,0,1,0,0,
0,0,0,0,1,1,0,0,1,0,0,0,0,0,0,0,1,1,0,1,0,0,0,0,0,0,1,0,0,0,0,0,1,1,1,0,0,0,1,0,1,1,0,0,0,0,0,0,1,0,0,0,0,0,1,0,1,0,0,0,0,0,1,0,1,1,0,1,1,0,0,1,0,0,1,0,0,0,0,1,0,0,0,0,0,0,0,
1,1,1,1,0,0,1,0,1,1,0,1,0,1,1,0,1,1,0,1,0,1,0,0,0,1,1,1,0,1,1,0,0,0,0,0,1,0,1,1,1,0,0,0,1,1,0,1,1,1,1,1,1,0,1,0,0,1,1,1,0,1,1,0,0,1,0,1,0,0,1,0,0,0,0,0,0,0,0,0,0,1,0,1,0,1,
1,0,0,0,0,1,0,1,1,0,1,1,1,1,0,1,1,0,1,0,1,1,0,1,1,1,1,1,1,1,0,0,0,1,0,1,0,1,0,1,1,1,0,1,1,0,1,1,1,1,1,1,0,1,0,0,1,1,1,0,1,1,0,0,1,0,1,0,1,0,0,0,0,0,1,1,0,0,1,1,1,1,1,0,1,
1,1,0,0,1,0,1,1,0,1,0,1,1,0,1,1,0,1,0,1,0,0,0,1,1,1,1,1,1,0,0,0,0,0,1,0,1,1,1,0,0,0,1,1,0,1,1,1,1,1,1,0,1,0,0,1,1,1,0,1,1,0,1,1,0,1,0,1,1,0,0,0,0,0,1,0,0,1,1,1,0,1,0,1,
1,0,0,1,0,1,1,0,1,0,0,0,0,1,1,0,0,0,0,0,0,0,1,1,1,0,0,0,0,0,0,0,0,1,0,0,0,0,0,0,0,0,0,0,1,0,1,0,1,0,0,0,0,0,0,0,1,0,1,1,0,0,0,0,1,0,0,1,0,0,0,0,0,0,0,0,0,0,0,0,1,0,0,
1,0,1,0,1,0,0,1,0,0,0,0,1,1,1,0,0,0,0,0,0,1,1,1,0,0,0,1,0,1,0,0,1,1,1,1,1,0,0,0,1,0,0,1,0,1,0,0,0,1,0,1,0,1,0,1,0,1,1,0,1,0,1,1,0,0,1,0,0,1,0,0,0,0,1,0,0,0,0,1,0,0,
1,0,1,0,0,1,0,0,0,0,0,0,0,1,0,0,0,0,0,0,0,0,0,0,0,0,1,1,1,0,0,0,0,0,0,0,0,0,1,0,0,0,0,0,0,0,0,0,1,0,0,1,0,0,0,0,0,0,1,0,0,1,0,0,0,1,1,1,0,0,0,0,0,0,0,0,0,0,0,0,0,
0,0,0,0,1,0,0,0,0,0,0,0,0,0,1,0,0,1,0,0,0,0,0,0,0,1,0,0,0,0,0,0,0,0,0,0,0,1,0,0,0,0,0,0,0,0,0,1,0,0,1,0,0,0,1,0,0,0,0,0,0,0,0,0,0,1,1,0,1,0,0,0,0,0,0,0,0,0,0,0,
0,1,1,0,1,0,0,1,0,1,1,0,1,0,1,0,0,0,1,1,1,0,1,1,0,0,0,0,0,1,0,1,0,1,0,0,0,1,1,0,1,0,1,1,1,1,0,0,0,0,1,0,1,0,1,1,0,0,1,0,1,0,0,1,0,0,0,0,0,0,0,0,0,0,1,0,1,0,0,
0,0,1,0,0,0,0,0,0,0,1,0,0,0,0,0,0,0,0,0,0,0,0,1,1,1,0,0,0,0,0,0,0,0,0,1,0,0,0,0,0,0,0,0,0,1,0,0,1,0,0,0,0,0,0,1,0,0,0,0,0,0,0,0,1,0,0,0,0,0,0,0,0,0,0,0,0,0,
1,0,1,0,0,1,0,1,1,0,0,0,1,0,0,0,1,1,1,0,0,1,0,0,0,0,0,1,1,1,1,1,0,0,0,1,0,0,1,0,1,0,1,1,0,0,0,0,1,0,1,0,1,1,0,1,0,0,1,0,0,1,0,0,0,0,0,0,0,0,0,0,1,0,1,0,0,
0,1,1,1,1,0,0,1,0,1,0,1,1,0,1,1,1,1,1,1,1,0,0,0,0,0,1,0,1,0,1,1,1,0,1,1,0,1,1,1,1,1,1,0,0,0,0,1,1,1,0,1,1,0,0,1,0,1,0,1,0,0,0,0,0,1,0,0,0,1,1,1,0,1,0,1,
0,0,0,0,0,0,0,0,0,1,0,0,1,0,0,0,0,0,0,0,1,1,0,0,0,0,0,0,0,0,0,0,1,0,0,0,0,0,0,0,0,0,1,0,0,1,0,0,0,1,0,0,1,0,0,0,0,0,0,0,1,1,0,1,0,0,0,0,0,0,0,0,0,0,0,
0,0,1,0,1,1,0,0,0,0,0,0,0,1,1,1,0,0,1,1,0,0,0,0,1,0,1,1,1,0,0,0,1,0,0,1,0,1,0,1,0,0,0,0,0,1,0,1,0,1,1,0,0,0,1,1,0,0,1,0,0,0,0,0,0,0,0,0,0,0,0,1,0,0,
1,1,0,0,1,0,1,0,0,1,0,1,0,0,1,1,1,1,0,0,0,1,0,0,0,1,0,0,1,1,0,0,1,0,0,1,0,1,0,1,0,0,0,0,0,1,0,0,0,0,0,0,1,0,0,0,1,0,0,0,0,0,1,0,0,0,1,1,1,0,1,0,0,
1,0,0,1,0,1,0,0,1,0,1,0,1,1,1,1,1,0,0,0,1,0,0,0,1,0,0,1,1,0,1,1,0,0,1,1,1,1,1,0,0,0,0,1,1,1,0,0,1,0,0,1,0,0,1,1,0,0,0,0,0,1,0,0,0,1,1,1,1,1,0,0,
0,1,1,0,1,0,1,1,0,1,1,1,1,1,1,1,0,0,0,1,1,1,0,1,1,1,1,1,0,1,1,1,1,1,1,1,1,1,0,1,0,0,1,1,1,0,1,1,0,0,1,0,1,1,1,0,0,0,0,0,1,1,0,0,1,1,1,1,1,0,1,
1,0,0,0,0,1,0,0,0,0,0,0,0,0,0,0,0,1,0,1,0,1,0,1,1,0,0,0,1,0,1,1,0,0,0,0,0,0,1,1,0,0,0,0,0,1,0,0,1,0,0,0,0,0,0,0,0,1,0,0,1,0,1,0,0,0,0,0,0,1,
1,0,0,0,1,0,0,0,1,1,1,0,0,1,1,0,1,0,0,1,1,1,1,1,0,0,0,1,0,0,1,0,1,0,0,0,0,1,1,0,1,0,1,0,1,1,0,1,0,1,1,0,0,1,0,0,1,0,0,1,0,1,0,0,0,0,1,0,1,
0,1,0,1,1,0,1,1,1,1,1,1,1,0,0,0,1,1,1,0,1,1,1,1,1,0,1,1,1,1,1,1,1,1,1,0,1,0,0,1,1,1,0,1,1,0,1,1,0,1,1,1,0,0,0,1,0,1,1,0,0,1,1,1,1,1,0,1,
0,0,0,0,0,0,0,0,0,0,0,0,1,1,1,0,0,0,1,0,0,0,0,0,1,0,0,0,0,0,0,0,0,0,1,0,1,0,0,0,0,0,0,0,1,1,0,1,0,0,0,0,0,1,0,0,0,0,0,1,0,0,0,0,0,0,0,
0,1,1,0,1,0,1,1,1,1,1,0,0,0,1,1,1,0,1,0,1,1,1,0,1,1,1,1,1,1,1,1,1,0,1,0,0,1,1,1,0,1,1,0,0,1,0,0,1,1,0,0,0,0,0,1,1,1,0,1,1,1,1,1,1,1,
0,0,1,0,0,0,0,0,0,0,0,0,0,0,0,0,0,0,0,0,0,0,0,0,0,0,0,0,0,0,0,0,0,0,0,1,0,0,0,1,0,0,0,0,0,0,0,0,0,0,1,1,0,1,0,0,0,0,0,0,0,0,0,0,0,
1,0,0,1,1,1,1,1,1,0,0,0,1,1,1,1,1,1,1,0,0,0,1,1,1,1,1,1,0,0,1,0,1,1,0,1,1,1,0,1,1,0,1,1,0,1,1,0,0,0,0,1,0,0,1,1,1,0,0,1,1,1,1,1,
0,1,0,0,1,1,1,1,0,0,0,1,1,0,0,1,0,0,1,1,0,1,1,1,0,1,1,1,0,1,0,1,0,0,1,1,1,0,0,0,0,0,1,0,0,1,1,0,0,0,0,0,1,1,1,0,1,1,1,1,1,1,1,
0,0,0,0,0,0,0,0,0,0,0,0,0,0,0,0,0,0,0,1,0,0,0,0,0,0,0,0,0,1,0,0,1,0,0,0,1,0,0,0,0,0,0,0,0,0,0,1,1,0,1,0,0,0,0,0,0,0,0,0,0,0,
0,0,1,1,1,1,0,0,0,1,1,0,0,1,0,0,1,1,0,1,1,1,0,1,1,1,0,1,0,0,0,0,1,1,1,0,0,0,0,0,1,0,0,1,1,0,0,0,0,0,1,1,0,0,1,1,1,1,1,1,1,
1,1,0,0,1,1,0,1,0,0,1,1,1,1,1,0,0,0,1,0,0,1,0,1,0,1,1,1,1,1,0,1,0,1,0,1,1,0,1,0,1,1,0,0,1,0,0,1,0,0,0,0,0,0,0,1,0,1,0,0,
1,0,1,1,0,0,0,0,0,1,1,1,1,1,0,0,0,1,1,0,1,1,1,1,1,1,0,1,1,0,1,1,1,0,1,1,0,1,1,1,1,0,0,1,0,0,1,0,0,1,0,0,0,1,1,0,1,0,1,
1,1,1,0,0,0,1,1,1,0,1,1,1,1,0,0,1,1,0,1,1,1,1,1,1,0,1,0,0,1,1,1,0,1,1,0,1,1,0,1,1,1,1,0,0,1,0,1,1,0,0,1,1,1,1,1,0,1,
1,1,0,0,0,1,1,0,0,1,0,0,1,1,0,1,1,1,0,1,1,1,1,1,0,0,0,0,1,1,1,0,0,0,0,0,1,0,0,1,1,0,0,0,0,0,1,1,1,0,1,1,1,1,1,1,1,
1,0,0,0,1,1,0,0,1,0,1,1,1,0,1,1,1,1,1,1,1,1,1,0,1,0,0,1,1,1,0,1,1,0,0,1,0,0,1,1,0,0,0,0,0,1,1,1,0,1,1,1,1,1,1,1,
0,0,0,1,1,1,0,1,1,1,1,1,0,1,1,1,1,1,1,1,1,1,0,1,0,0,1,1,1,0,1,1,0,1,1,0,1,1,1,0,0,0,1,0,1,1,0,0,1,1,1,1,1,1,1,
1,1,0,0,0,0,0,0,0,0,0,1,0,0,0,1,0,0,0,0,0,1,0,0,0,0,0,0,1,0,0,0,0,0,1,1,0,0,1,1,1,0,0,0,0,0,0,0,0,0,0,0,0,0,
1,0,0,0,0,0,0,0,0,0,1,0,0,0,0,0,0,0,0,0,1,0,0,1,0,0,0,0,0,0,1,0,0,0,0,0,0,0,0,1,0,0,0,0,0,0,0,0,0,0,0,0,0,
0,0,0,1,0,1,1,0,0,0,0,0,0,1,0,0,0,0,0,1,1,1,0,0,0,0,0,1,0,0,1,0,1,0,0,0,1,0,0,1,0,0,0,0,1,0,0,0,0,0,0,0,
1,0,0,1,0,1,1,0,0,1,1,1,0,1,1,1,0,1,0,1,0,0,1,1,1,0,1,0,0,0,1,0,0,1,1,0,0,0,0,0,1,1,1,0,1,1,1,1,1,1,1,
0,0,1,0,1,0,0,0,1,1,1,0,1,1,0,0,1,0,1,1,0,1,1,0,0,1,0,0,1,1,0,0,1,0,0,0,0,1,0,0,1,1,0,1,0,1,1,1,1,1,
1,1,1,1,0,0,0,1,0,0,1,0,1,0,1,1,0,0,0,0,1,0,1,0,1,1,0,1,0,0,1,0,0,1,0,0,0,0,0,0,0,0,0,0,1,0,1,0,0,
1,1,1,0,0,0,1,0,0,1,0,1,0,0,0,0,1,1,0,1,0,1,0,1,0,0,1,0,1,1,0,0,1,0,0,1,0,0,1,0,1,0,0,0,0,0,0,1,
1,1,1,0,0,1,1,1,1,1,1,1,1,1,0,1,1,0,1,1,1,0,1,1,0,1,1,0,1,1,1,0,0,0,1,0,1,1,0,0,1,1,1,1,1,1,1,
1,0,0,0,1,0,1,1,0,1,0,0,0,0,1,1,0,1,0,1,0,1,1,0,1,0,1,1,0,0,1,0,0,1,0,0,1,0,1,0,0,0,0,1,0,1,
0,0,0,1,1,1,1,0,1,0,1,1,0,1,1,0,1,0,1,0,1,1,0,1,0,1,1,1,0,1,0,0,1,0,0,1,0,1,0,0,1,1,1,0,1,
1,0,0,1,0,0,1,0,1,0,1,0,0,0,0,1,1,0,0,0,0,0,0,1,0,0,1,1,0,0,0,0,0,1,0,0,0,1,1,1,1,1,0,0,
0,0,1,0,0,1,0,1,0,1,0,0,0,0,0,1,0,0,0,0,0,0,1,0,0,0,1,0,0,0,0,0,1,0,0,0,1,1,1,0,1,0,0,
0,0,0,0,0,0,0,0,0,1,0,0,1,0,0,0,1,0,0,1,0,0,0,0,0,0,0,1,1,0,1,0,0,0,0,0,0,0,0,0,0,0,
1,1,1,1,1,1,1,1,0,1,1,0,1,1,1,0,1,1,0,1,1,1,1,1,1,1,0,0,1,0,0,1,0,1,1,1,1,1,1,1,1,
1,0,1,1,1,1,1,0,1,0,0,1,1,1,0,1,1,0,0,1,0,0,1,1,0,0,0,0,0,1,1,1,0,1,1,1,1,1,1,1,
0,1,1,0,0,1,0,1,1,0,1,0,0,0,1,0,0,1,0,0,0,1,0,0,0,0,1,0,0,1,1,1,0,0,1,1,1,1,1,
0,1,0,1,1,0,1,1,0,1,0,1,0,1,1,0,1,0,1,1,0,0,1,0,0,1,0,0,1,0,1,0,0,1,0,1,0,1,
1,1,1,1,0,0,0,0,1,1,1,0,1,1,0,0,1,0,0,1,1,0,0,0,0,0,1,1,0,0,1,1,1,1,1,1,1,
1,1,1,0,1,1,0,1,1,1,0,1,1,0,1,1,1,1,1,1,1,0,0,1,0,0,1,0,0,1,1,1,1,1,1,1,
1,1,0,0,0,0,1,1,1,0,1,1,0,0,1,0,0,1,1,0,0,0,0,0,1,0,0,0,1,1,1,1,1,0,0,
1,0,0,0,0,1,1,1,0,1,1,0,0,1,0,1,0,1,0,0,0,0,0,1,0,0,0,1,1,1,0,1,0,0,
0,0,0,0,1,1,1,0,1,1,0,0,1,0,0,1,1,0,0,0,0,0,1,1,0,0,1,1,1,1,1,1,1,
0,0,1,0,0,0,1,0,0,1,0,0,1,0,0,0,1,1,1,0,1,0,0,0,0,0,0,0,0,0,0,0,
1,0,1,0,1,0,1,1,0,1,0,0,0,1,0,0,0,0,1,0,0,1,1,1,0,0,1,1,1,1,1,
0,1,0,0,0,1,0,0,1,0,1,1,0,0,1,0,0,1,0,0,1,0,1,0,0,0,1,0,0,1,
0,0,0,1,0,0,1,0,0,0,0,0,0,0,1,1,0,1,0,0,0,0,0,0,0,0,0,0,0,
1,1,0,1,1,0,1,1,0,1,1,1,0,0,0,1,0,1,1,1,0,1,1,1,1,1,1,1,
1,0,0,1,0,0,1,0,0,1,1,0,0,0,0,0,1,1,0,0,1,1,1,1,1,1,1,
0,1,1,0,1,1,0,1,0,1,1,0,0,1,0,1,1,0,0,1,1,1,1,1,0,1,
0,0,0,0,0,0,0,0,0,0,1,1,0,1,0,0,0,0,0,0,0,0,0,0,0,
1,0,1,1,1,1,0,0,1,0,0,1,0,0,1,0,1,0,0,1,1,1,0,1,
0,0,1,0,1,0,1,1,0,0,0,0,0,0,0,0,1,1,1,0,1,0,1,
0,0,0,0,0,0,0,0,1,0,0,0,0,0,0,0,0,0,0,0,0,0,
0,1,1,0,0,1,0,0,1,0,0,1,0,1,0,0,0,1,1,0,1,
0,0,1,1,0,0,0,0,0,1,0,0,0,1,1,1,1,1,0,1,
1,0,0,1,0,0,1,0,0,0,0,1,0,0,0,0,0,0,0,
0,0,1,0,0,1,0,0,0,0,0,0,0,1,0,1,0,0,
1,0,0,0,1,0,1,1,1,0,1,1,1,1,1,1,1,
0,0,0,0,0,1,0,0,0,1,1,1,1,1,0,0,
0,0,0,0,0,0,0,0,0,0,0,0,0,0,0,
1,0,1,0,0,0,0,0,0,0,0,0,0,0,
0,1,0,0,0,0,0,0,0,0,0,0,0,
0,0,1,0,1,0,0,0,1,0,1,1,
0,0,0,0,0,0,0,0,0,0,0,
0,0,0,1,1,1,1,1,0,0,
1,1,0,0,1,1,1,1,1,
0,0,0,0,1,0,1,1,
0,0,0,0,0,0,1,
1,1,1,1,0,0,
1,1,1,0,0,
1,1,0,1,
1,1,1,
0,1,
1

